0 0 5000 0 1 0.07615990662386928 0.003807995331193464 0.0 0.0 0.016598666826147003 0.0 0.9974783935144687 0.16666666666666666
1 1 5000 0 1 0.28741220961642355 0.018178605812014643 0.0 0.0 0.06395188637881577 0.0 0.9975868662438492 0.2
2 2 5000 0 1 0.5052974735126324 0.043443479487646264 0.0 0.0 0.1236901225142756 0.0 0.9975876598627048 0.16666666666666666
3 3 5000 0 1 0.5052974735126324 0.06410294841090276 0.0 0.0 0.15735473902818145 0.0 0.9974783935144687 0.16666666666666666
4 4 5000 0 1 0.5224203133441383 0.07585335359728848 0.0 0.0 0.18064282691416866 0.0 0.9975868662438492 0.2
5 5 5000 0 1 0.7099503939305515 0.08688340903936612 0.0 0.0 0.20991707256068362 0.0 0.9974783935144687 0.16666666666666666
6 6 5000 0 1 0.9155264723378941 0.13659903817128854 0.24793388429752067 0.019433036044031803 0.28419681301912836 0.060266156219585934 0.9928606759827762 0.16666666666666666
7 7 5000 0 1 0.9155264723378941 0.16120414145196899 0.24793388429752067 0.019433036044031803 0.2924868760941987 0.060266156219585934 0.9975754980662685 0.16666666666666666
8 8 5000 0 1 0.9155264723378941 0.16677419181299075 0.24793388429752067 0.019433036044031803 0.2904173308778588 0.060266156219585934 0.9976148033896629 0.16666666666666666
9 9 5000 0 1 0.9155264723378941 0.18125057784995174 0.24793388429752067 0.019433036044031803 0.28895570631495915 0.060266156219585934 0.9967247030226296 0.2
10 10 5000 0 1 0.9155264723378941 0.18131732137279624 0.24793388429752067 0.019433036044031803 0.28893971834694165 0.060266156219585934 0.9976148033896629 0.16666666666666666
11 11 5000 0 1 0.9155264723378941 0.18157994174046474 0.24793388429752067 0.019433036044031803 0.2894935449303922 0.060266156219585934 0.9974783935144687 0.2
12 12 5000 0 1 0.9155264723378941 0.18198743970297496 0.24793388429752067 0.019433036044031803 0.28995429995572847 0.060266156219585934 0.9975876598627048 0.2
13 13 5000 0 1 0.9155264723378941 0.18243012376634865 0.24793388429752067 0.019433036044031803 0.2896827464635312 0.060266156219585934 0.9976818799950396 0.16666666666666666
14 14 5000 0 1 0.9155264723378941 0.18253956561293108 0.24793388429752067 0.019433036044031803 0.28961420923749215 0.060266156219585934 0.9966674118151852 0.16666666666666666
15 15 5000 0 1 0.9262343842950624 0.1830749612107895 0.24793388429752067 0.019433036044031803 0.2909754498905924 0.060266156219585934 0.9975738974228031 0.2
16 16 5000 0 1 0.9262343842950624 0.18364199239750478 0.24793388429752067 0.019433036044031803 0.291587512444332 0.060266156219585934 0.9975754980662685 0.16666666666666666
17 17 5000 0 1 0.9262343842950624 0.1839914798159577 0.24793388429752067 0.019433036044031803 0.291381923718452 0.060266156219585934 0.9976818799950396 0.2
18 18 5000 0 1 0.9262343842950624 0.1841139711002317 0.24793388429752067 0.019433036044031803 0.29130505632880677 0.060266156219585934 0.9962044531456126 0.16666666666666666
19 19 5000 0 1 0.9262343842950624 0.184762006742192 0.24793388429752067 0.019433036044031803 0.2920282309610717 0.060266156219585934 0.9975754980662685 0.16666666666666666
20 20 5000 0 1 0.9262343842950624 0.19884448468204435 0.24793388429752067 0.019433036044031803 0.31394048241619743 0.060266156219585934 0.9975868662438492 0.16666666666666666
21 21 5000 0 1 0.9262343842950624 0.21101509049568193 0.24793388429752067 0.019433036044031803 0.33019811130450466 0.060266156219585934 0.9975876598627048 0.2
22 22 5000 0 1 0.9262343842950624 0.216397045474142 0.24793388429752067 0.019433036044031803 0.32942869859813595 0.060266156219585934 0.9976148033896629 0.16666666666666666
23 23 5000 0 1 0.9763651181744091 0.22737232393108306 0.24793388429752067 0.019433036044031803 0.3502504795303594 0.060266156219585934 0.9975876598627048 0.2
24 24 5000 0 1 0.9763651181744091 0.25198364689969555 0.24793388429752067 0.019433036044031803 0.3704638695587777 0.060266156219585934 0.9967247030226296 0.16666666666666666
25 25 5000 0 1 0.9763651181744091 0.26183919210006834 0.24793388429752067 0.019433036044031803 0.366652970984107 0.060266156219585934 0.9976818799950396 0.2
26 26 5000 0 1 0.9763651181744091 0.27138053127030015 0.24793388429752067 0.019433036044031803 0.3622282192663527 0.060266156219585934 0.9966674118151852 0.16666666666666666
27 27 5000 0 1 0.9763651181744091 0.2794302341336173 0.24793388429752067 0.019433036044031803 0.37552153235916164 0.060266156219585934 0.9975868662438492 0.2
28 28 5000 0 1 0.9931568521519899 0.28301314615276507 0.24793388429752067 0.03173268749766745 0.3778978841010909 0.07069999702179992 0.9924542637373744 0.2
29 29 5000 0 1 0.9931568521519899 0.30306979945116863 0.35311143270622286 0.05031749974536339 0.3873435346593301 0.10018039695191154 0.9922320957277267 0.3333333333333333
30 30 5000 0 1 0.9941331768847169 0.3060295576846638 0.39363241678726485 0.05245018311804981 0.3888202173478886 0.1068153041301707 0.9922320957277267 0.4
31 31 5000 0 1 0.9941331768847169 0.3356998873549934 0.39363241678726485 0.05245018311804981 0.3869721003895448 0.1068153041301707 0.9961142958136179 0.2
32 32 5000 0 1 0.9941331768847169 0.35046294932340166 0.39363241678726485 0.05245018311804981 0.39902868672518504 0.1068153041301707 0.9975754980662685 0.16666666666666666
33 33 5000 0 1 0.9941331768847169 0.3546917470866822 0.39363241678726485 0.05245018311804981 0.39799581964729713 0.1068153041301707 0.9976818799950396 0.2
34 34 5000 0 1 0.9941331768847169 0.35767700283572657 0.39363241678726485 0.05245018311804981 0.3975275627597946 0.1068153041301707 0.9976148033896629 0.16666666666666666
35 35 5000 0 1 0.9941331768847169 0.3608707149041775 0.39363241678726485 0.05245018311804981 0.3964469664450682 0.1068153041301707 0.9966674118151852 0.16666666666666666
36 36 5000 0 1 0.9941331768847169 0.38044430102638443 0.39363241678726485 0.07726618160901785 0.40666650178055536 0.13111172730329992 0.9895845582683554 0.16666666666666666
37 37 5000 0 1 0.9941331768847169 0.3857059700504297 0.39363241678726485 0.07726618160901785 0.4023681370830916 0.13111172730329992 0.9958285981281567 0.16666666666666666
38 38 5000 0 1 0.9941331768847169 0.3872041326811656 0.39363241678726485 0.07726618160901785 0.40099177423837157 0.13111172730329992 0.9962044531456126 0.2
39 39 5000 0 1 0.997957397140356 0.40527933119904097 0.41732283464566927 0.08845538712415574 0.4001570357604443 0.14782276881710957 0.9896326489642052 0.2
0 5000 5000 1 1 0.9941331768847169 0.40147133586784756 0.41732283464566927 0.08845538712415574 0.39482570634772546 0.14782276881710957 0.0 0.0
1 5001 5000 1 1 0.9941331768847169 0.38710072538702633 0.41732283464566927 0.08845538712415574 0.37789594956269734 0.14782276881710957 0.0 0.0
2 5002 5000 1 1 0.9941331768847169 0.36183585171139476 0.41732283464566927 0.08845538712415574 0.35261069189212874 0.14782276881710957 0.0 0.0
3 5003 5000 1 1 0.9941331768847169 0.3411763827881383 0.41732283464566927 0.08845538712415574 0.33061569737998775 0.14782276881710957 0.0 0.0
4 5004 5000 1 1 0.9941331768847169 0.3294259776017525 0.41732283464566927 0.08845538712415574 0.32150032384531213 0.14782276881710957 0.0 0.0
5 5005 5000 1 1 0.9941331768847169 0.3183959221596749 0.41732283464566927 0.08845538712415574 0.3189377067959722 0.14782276881710957 0.0 0.0
6 5006 5000 1 1 0.9941331768847169 0.2686802930277524 0.41732283464566927 0.06902235108012394 0.28516893068830335 0.12718477558968 0.0 0.0
7 5007 5000 1 1 0.9941331768847169 0.244075189747072 0.41732283464566927 0.06902235108012394 0.2571065112378342 0.12718477558968 0.0 0.0
8 5008 5000 1 1 0.9941331768847169 0.23850513938605022 0.41732283464566927 0.06902235108012394 0.2565284031325841 0.12718477558968 0.0 0.0
9 5009 5000 1 1 0.7046054561454972 0.22402875334908928 0.41732283464566927 0.06902235108012394 0.2188859167980458 0.12718477558968 0.0 0.0
10 5010 5000 1 1 0.7046054561454972 0.22396200982624478 0.41732283464566927 0.06902235108012394 0.21888970343517944 0.12718477558968 0.0 0.0
11 5011 5000 1 1 0.7046054561454972 0.2236993894585763 0.41732283464566927 0.06902235108012394 0.2189103819482364 0.12718477558968 0.0 0.0
12 5012 5000 1 1 0.7046054561454972 0.22329189149606607 0.41732283464566927 0.06902235108012394 0.21842623897965255 0.12718477558968 0.0 0.0
13 5013 5000 1 1 0.7046054561454972 0.22284920743269235 0.41732283464566927 0.06902235108012394 0.2182842572847728 0.12718477558968 0.0 0.0
14 5014 5000 1 1 0.7046054561454972 0.22273976558610992 0.41732283464566927 0.06902235108012394 0.21826771086690264 0.12718477558968 0.0 0.0
15 5015 5000 1 1 0.7046054561454972 0.2222043699882515 0.41732283464566927 0.06902235108012394 0.2186729591651269 0.12718477558968 0.0 0.0
16 5016 5000 1 1 0.7046054561454972 0.2216373388015362 0.41732283464566927 0.06902235108012394 0.21843434197690673 0.12718477558968 0.0 0.0
17 5017 5000 1 1 0.7046054561454972 0.2212878513830833 0.41732283464566927 0.06902235108012394 0.2183323697497409 0.12718477558968 0.0 0.0
18 5018 5000 1 1 0.7046054561454972 0.22116536009880927 0.41732283464566927 0.06902235108012394 0.21843896123576736 0.12718477558968 0.0 0.0
19 5019 5000 1 1 0.7046054561454972 0.22051732445684896 0.41732283464566927 0.06902235108012394 0.21819882513507025 0.12718477558968 0.0 0.0
20 5020 5000 1 1 0.7046054561454972 0.20643484651699665 0.41732283464566927 0.06902235108012394 0.2105500455271305 0.12718477558968 0.0 0.0
21 5021 5000 1 1 0.7046054561454972 0.19426424070335907 0.41732283464566927 0.06902235108012394 0.20126054784035985 0.12718477558968 0.0 0.0
22 5022 5000 1 1 0.7046054561454972 0.18888228572489904 0.41732283464566927 0.06902235108012394 0.20218057039849657 0.12718477558968 0.0 0.0
23 5023 5000 1 1 0.7046054561454972 0.177907007267958 0.41732283464566927 0.06902235108012394 0.20526975091181812 0.12718477558968 0.0 0.0
24 5024 5000 1 1 0.5934065934065934 0.1532956842993455 0.41732283464566927 0.06902235108012394 0.16648965890305875 0.12718477558968 0.0 0.0
25 5025 5000 1 1 0.5934065934065934 0.14344013909897274 0.41732283464566927 0.06902235108012394 0.16441891654498617 0.12718477558968 0.0 0.0
26 5026 5000 1 1 0.5934065934065934 0.1338987999287409 0.41732283464566927 0.06902235108012394 0.16321804537087398 0.12718477558968 0.0 0.0
27 5027 5000 1 1 0.5934065934065934 0.12584909706542377 0.41732283464566927 0.06902235108012394 0.16426439066273368 0.12718477558968 0.0 0.0
28 5028 5000 1 1 0.5934065934065934 0.12226618504627602 0.41732283464566927 0.056722699626488286 0.16576278404958542 0.12540648658731082 0.0 0.0
29 5029 5000 1 1 0.5934065934065934 0.10220953174787242 0.41732283464566927 0.03813788737879235 0.16353940452569202 0.09706231830909758 0.0 0.0
30 5030 5000 1 1 0.5934065934065934 0.0992497735143773 0.41732283464566927 0.036005204006105934 0.16506550214008586 0.09743099581107745 0.0 0.0
31 5031 5000 1 1 0.48095238095238096 0.06957944384404763 0.41732283464566927 0.036005204006105934 0.12103416575019636 0.09743099581107745 0.0 0.0
32 5032 5000 1 1 0.48095238095238096 0.054816381875639364 0.41732283464566927 0.036005204006105934 0.11012162634512715 0.09743099581107745 0.0 0.0
33 5033 5000 1 1 0.48095238095238096 0.05058758411235884 0.41732283464566927 0.036005204006105934 0.11052081267368702 0.09743099581107745 0.0 0.0
34 5034 5000 1 1 0.48095238095238096 0.04760232836331448 0.41732283464566927 0.036005204006105934 0.11103934886797717 0.09743099581107745 0.0 0.0
35 5035 5000 1 1 0.48095238095238096 0.04440861629486358 0.41732283464566927 0.036005204006105934 0.11144324800491662 0.09743099581107745 0.0 0.0
36 5036 5000 1 1 0.32857142857142857 0.024835030172656584 0.16535433070866143 0.011189205515137884 0.0735315583865559 0.0370642061543079 0.0 0.0
37 5037 5000 1 1 0.32857142857142857 0.019573361148611322 0.16535433070866143 0.011189205515137884 0.07132215025787098 0.0370642061543079 0.0 0.0
38 5038 5000 1 1 0.32857142857142857 0.018075198517875434 0.16535433070866143 0.011189205515137884 0.07140282177363173 0.0370642061543079 0.0 0.0
39 5039 5000 1 1 0.0 0.0 0.0 0.0 0.0 0.0 0.0 0.0
96
