0 0 5000 0 1 0.3402555910543131 0.017012779552715653 0.0 0.0 0.07415698681902262 0.0 0.9968508057247530 0.2
1 1 5000 0 1 0.3402555910543131 0.020395660126780235 0.0 0.0 0.07484375745342116 0.0 0.9975206033648319 0.2
2 2 5000 0 1 0.3402555910543131 0.03104484464868622 0.0 0.0 0.08556805024145779 0.0 0.9972498185383605 0.16666666666666666
3 3 5000 0 1 0.3402555910543131 0.03390374412609169 0.0 0.0 0.08543814054657554 0.0 0.9973704581849331 0.2
4 4 5000 0 1 0.3402555910543131 0.036526434370478734 0.0 0.0 0.08516178368472008 0.0 0.9969867980588783 0.16666666666666666
5 5 5000 0 1 0.3402555910543131 0.053302750159952415 0.0 0.0 0.10665093559332955 0.0 0.9967172195847973 0.16666666666666666
6 6 5000 0 1 0.8518843120070114 0.09993335735435734 0.9722222222222222 0.06258760223567467 0.2034362498379797 0.20947888500305092 0.9913714560361654 0.3333333333333333
7 7 5000 0 1 0.8518843120070114 0.11457715682665284 0.9722222222222222 0.06258760223567467 0.2062374264130331 0.20947888500305092 0.9967974078453775 0.2
8 8 5000 0 1 0.8518843120070114 0.13040829139129664 0.9722222222222222 0.06258760223567467 0.23008931589227105 0.20947888500305092 0.9967974078453775 0.2
9 9 5000 0 1 0.8518843120070114 0.13923006766787122 0.9722222222222222 0.06258760223567467 0.23031359101277293 0.20947888500305092 0.9969867980588783 0.16666666666666666
10 10 5000 0 1 0.8518843120070114 0.13958184253195824 0.9722222222222222 0.06258760223567467 0.23043131452125976 0.20947888500305092 0.9972498185383605 0.2
11 11 5000 0 1 0.8518843120070114 0.13970998194764253 0.9722222222222222 0.06258760223567467 0.2304368869409053 0.20947888500305092 0.9975206033648319 0.16666666666666666
12 12 5000 0 1 0.8518843120070114 0.14076539091861878 0.9722222222222222 0.06258760223567467 0.2326240768948364 0.20947888500305092 0.9967974078453775 0.16666666666666666
13 13 5000 0 1 0.8729184925503944 0.14181709994578792 0.9722222222222222 0.06258760223567467 0.23586173338261637 0.20947888500305092 0.9971182536264692 0.2
14 14 5000 0 1 0.8729184925503944 0.1423229572407826 0.9722222222222222 0.06258760223567467 0.23629723301676112 0.20947888500305092 0.9968508057247530 0.16666666666666666
15 15 5000 0 1 0.8729184925503944 0.14242546877333 0.9722222222222222 0.06258760223567467 0.23630139731971814 0.20947888500305092 0.9975206033648319 0.16666666666666666
16 16 5000 0 1 0.8729184925503944 0.14321702550156218 0.9722222222222222 0.06258760223567467 0.23795609171478369 0.20947888500305092 0.9967974078453775 0.2
17 17 5000 0 1 0.8729184925503944 0.14361665661130704 0.9722222222222222 0.06258760223567467 0.237817930839517 0.20947888500305092 0.9973704581849331 0.16666666666666666
18 18 5000 0 1 0.8729184925503944 0.14381534526618484 0.9722222222222222 0.06258760223567467 0.23789073903990612 0.20947888500305092 0.9969867980588783 0.2
19 19 5000 0 1 0.8729184925503944 0.14435071811513323 0.9722222222222222 0.06258760223567467 0.23757832375109023 0.20947888500305092 0.9968302899992399 0.2
20 20 5000 0 1 0.8729184925503944 0.1737718885660446 0.9722222222222222 0.06258760223567467 0.27810514188649654 0.20947888500305092 0.9972498185383605 0.16666666666666666
21 21 5000 0 1 0.8729184925503944 0.2050529593117425 0.9722222222222222 0.06258760223567467 0.292800977210619 0.20947888500305092 0.9968302899992399 0.16666666666666666
22 22 5000 0 1 0.8729184925503944 0.21198719336697797 0.9722222222222222 0.06258760223567467 0.29501132993543094 0.20947888500305092 0.9969867980588783 0.2
23 23 5000 0 1 0.9708986248800767 0.22801931467332176 0.9722222222222222 0.07310246808048974 0.30932479577594585 0.21160446794597007 0.9941670426496414 0.4
24 24 5000 0 1 0.9708986248800767 0.25713090397550437 0.9722222222222222 0.07310246808048974 0.3198475702079191 0.21160446794597007 0.9973704581849331 0.16666666666666666
25 25 5000 0 1 0.9708986248800767 0.2604027303893092 0.9722222222222222 0.07310246808048974 0.3190994417657762 0.21160446794597007 0.9975206033648319 0.2
26 26 5000 0 1 0.9708986248800767 0.2866527303893092 0.9722222222222222 0.07310246808048974 0.34476169953859237 0.21160446794597007 0.9967172195847973 0.2
27 27 5000 0 1 0.9920844327176781 0.30579734513032336 0.9722222222222222 0.09394893730078056 0.3697550751263594 0.22169929377185352 0.9918285861660709 0.4
28 28 5000 0 1 0.9920844327176781 0.32391239554915896 0.9722222222222222 0.11906509092693578 0.3864224331524094 0.23447435404552516 0.9928051529960608 0.3333333333333333
29 29 5000 0 1 0.9920844327176781 0.3271671367075393 0.9722222222222222 0.11906509092693578 0.3868706036110558 0.23447435404552516 0.9975206033648319 0.2
30 30 5000 0 1 0.9920844327176781 0.3407437790433057 0.9722222222222222 0.11906509092693578 0.3798517877611553 0.23447435404552516 0.9967180461461669 0.2
31 31 5000 0 1 0.9920844327176781 0.3487743717775313 0.9722222222222222 0.11906509092693578 0.3876340357049544 0.23447435404552516 0.9968302899992399 0.2
32 32 5000 0 1 0.9920844327176781 0.3835918900257065 0.9722222222222222 0.11906509092693578 0.40977354866126703 0.23447435404552516 0.9967180461461669 0.16666666666666666
33 33 5000 0 1 0.9920844327176781 0.3882728941786368 0.9722222222222222 0.12502651260473915 0.4139848357783744 0.2420244355368906 0.9928051529960608 0.3333333333333333
34 34 5000 0 1 0.9920844327176781 0.3930338884424992 0.9722222222222222 0.12502651260473915 0.41917233797977316 0.2420244355368906 0.9968302899992399 0.2
35 35 5000 0 1 0.9920844327176781 0.39571618528334956 0.9722222222222222 0.12502651260473915 0.41919790591215145 0.2420244355368906 0.9969867980588783 0.2
36 36 5000 0 1 0.9920844327176781 0.40015687671986855 0.9722222222222222 0.12502651260473915 0.419956379489744 0.2420244355368906 0.9969867980588783 0.2
37 37 5000 0 1 0.9920844327176781 0.4229024686594151 0.9722222222222222 0.12502651260473915 0.41855192537320335 0.2420244355368906 0.9976125635402470 0.16666666666666666
38 38 5000 0 1 0.9920844327176781 0.43577882996626977 0.9722222222222222 0.12502651260473915 0.4092004853310482 0.2420244355368906 0.9964088555878251 0.16666666666666666
39 39 5000 0 1 0.9920844327176781 0.4446602128393077 0.9722222222222222 0.12502651260473915 0.4127145452970516 0.2420244355368906 0.9969867980588783 0.16666666666666666
0 5000 5000 1 1 0.9920844327176781 0.427647433286592 0.9722222222222222 0.12502651260473915 0.42313205820105293 0.2420244355368906 0.0 0.0
1 5001 5000 1 1 0.9920844327176781 0.42426455271252744 0.9722222222222222 0.12502651260473915 0.42324284948271446 0.2420244355368906 0.0 0.0
2 5002 5000 1 1 0.9920844327176781 0.41361536819062145 0.9722222222222222 0.12502651260473915 0.4118820133557084 0.2420244355368906 0.0 0.0
3 5003 5000 1 1 0.9920844327176781 0.410756468713216 0.9722222222222222 0.12502651260473915 0.40813484662296173 0.2420244355368906 0.0 0.0
4 5004 5000 1 1 0.9920844327176781 0.4081337784688289 0.9722222222222222 0.12502651260473915 0.4064866895106983 0.2420244355368906 0.0 0.0
5 5005 5000 1 1 0.9920844327176781 0.39135746267935523 0.9722222222222222 0.12502651260473915 0.39420796449777207 0.2420244355368906 0.0 0.0
6 5006 5000 1 1 0.9920844327176781 0.34472685548495036 0.4840182648401826 0.062438910369064494 0.38590017137089355 0.13711028745041515 0.0 0.0
7 5007 5000 1 1 0.9678832116788321 0.3300830560126548 0.4840182648401826 0.062438910369064494 0.36610622715963465 0.13711028745041515 0.0 0.0
8 5008 5000 1 1 0.9678832116788321 0.31425192144801106 0.4840182648401826 0.062438910369064494 0.3565225011435951 0.13711028745041515 0.0 0.0
9 5009 5000 1 1 0.9678832116788321 0.3054301451714364 0.4840182648401826 0.062438910369064494 0.3505053985878295 0.13711028745041515 0.0 0.0
10 5010 5000 1 1 0.9678832116788321 0.3050783703073494 0.4840182648401826 0.062438910369064494 0.3500543387165258 0.13711028745041515 0.0 0.0
11 5011 5000 1 1 0.9678832116788321 0.3049502308916651 0.4840182648401826 0.062438910369064494 0.3500575438758852 0.13711028745041515 0.0 0.0
12 5012 5000 1 1 0.9678832116788321 0.30389482192068884 0.4840182648401826 0.062438910369064494 0.3498536457540466 0.13711028745041515 0.0 0.0
13 5013 5000 1 1 0.9678832116788321 0.30284311289351973 0.4840182648401826 0.062438910369064494 0.350732894626397 0.13711028745041515 0.0 0.0
14 5014 5000 1 1 0.9678832116788321 0.30233725559852503 0.4840182648401826 0.062438910369064494 0.3511617582327874 0.13711028745041515 0.0 0.0
15 5015 5000 1 1 0.9678832116788321 0.30223474406597767 0.4840182648401826 0.062438910369064494 0.35116419114756425 0.13711028745041515 0.0 0.0
16 5016 5000 1 1 0.9678832116788321 0.3014431873377455 0.4840182648401826 0.062438910369064494 0.35104758324814367 0.13711028745041515 0.0 0.0
17 5017 5000 1 1 0.9678832116788321 0.3010435562280006 0.4840182648401826 0.062438910369064494 0.35034590755527323 0.13711028745041515 0.0 0.0
18 5018 5000 1 1 0.9678832116788321 0.30084486757312284 0.4840182648401826 0.062438910369064494 0.3502552614506809 0.13711028745041515 0.0 0.0
19 5019 5000 1 1 0.9678832116788321 0.30030949472417445 0.4840182648401826 0.062438910369064494 0.3493580473414877 0.13711028745041515 0.0 0.0
20 5020 5000 1 1 0.9678832116788321 0.27088832427326304 0.4840182648401826 0.062438910369064494 0.33464153243829564 0.13711028745041515 0.0 0.0
21 5021 5000 1 1 0.9678832116788321 0.23960725352756512 0.4840182648401826 0.062438910369064494 0.3039380105610021 0.13711028745041515 0.0 0.0
22 5022 5000 1 1 0.9678832116788321 0.2326730194723297 0.4840182648401826 0.062438910369064494 0.30042040869292586 0.13711028745041515 0.0 0.0
23 5023 5000 1 1 0.9678832116788321 0.21664089816598592 0.4840182648401826 0.05192404452424942 0.296123362459252 0.13296590380481635 0.0 0.0
24 5024 5000 1 1 0.9678832116788321 0.1875293088638033 0.4840182648401826 0.05192404452424942 0.2514891976929965 0.13296590380481635 0.0 0.0
25 5025 5000 1 1 0.9678832116788321 0.1842574824499984 0.4840182648401826 0.05192404452424942 0.25052050755468536 0.13296590380481635 0.0 0.0
26 5026 5000 1 1 0.9678832116788321 0.1580074824499984 0.4840182648401826 0.05192404452424942 0.24075657838173822 0.13296590380481635 0.0 0.0
27 5027 5000 1 1 0.9678832116788321 0.1388628677089843 0.4840182648401826 0.031077575303958604 0.23852815672609176 0.10744237851760877 0.0 0.0
28 5028 5000 1 1 0.9678832116788321 0.12074781729014868 0.0928462709284627 0.005961421677803379 0.23449843611799448 0.020610016004950115 0.0 0.0
29 5029 5000 1 1 0.9678832116788321 0.11749307613176836 0.0928462709284627 0.005961421677803379 0.23521872681129136 0.020610016004950115 0.0 0.0
30 5030 5000 1 1 0.6963503649635037 0.10391643379600195 0.0928462709284627 0.005961421677803379 0.189047991619867 0.020610016004950115 0.0 0.0
31 5031 5000 1 1 0.6963503649635037 0.0958858410617763 0.0928462709284627 0.005961421677803379 0.18580775334005156 0.020610016004950115 0.0 0.0
32 5032 5000 1 1 0.454911838790932 0.06106832281360114 0.0928462709284627 0.005961421677803379 0.1254754323638506 0.020610016004950115 0.0 0.0
33 5033 5000 1 1 0.454911838790932 0.05638731866067083 0.0 0.0 0.1267275116301545 0.0 0.0 0.0
34 5034 5000 1 1 0.454911838790932 0.0516263243968085 0.0 0.0 0.12696760693726522 0.0 0.0 0.0
35 5035 5000 1 1 0.454911838790932 0.04894402755595811 0.0 0.0 0.1217262835565488 0.0 0.0 0.0
36 5036 5000 1 1 0.454911838790932 0.04450333611943913 0.0 0.0 0.11515331073265173 0.0 0.0 0.0
37 5037 5000 1 1 0.2575272261370916 0.02175774417989253 0.0 0.0 0.06648453514198191 0.0 0.0 0.0
38 5038 5000 1 1 0.17762765746075898 0.00888138287303795 0.0 0.0 0.03871305042246535 0.0 0.0 0.0
39 5039 5000 1 1 0.0 0.0 0.0 0.0 0.0 0.0 0.0 0.0
75
