0 0 5000 0 1 0.10480349344978165 0.005240174672489083 0.0 0.0 0.022841391843881263 0.0 0.9970781782721285 0.2
1 1 5000 0 1 0.4316546762589928 0.026822908485438723 0.0 0.0 0.09563476443824442 0.0 0.9972440280470317 0.16666666666666666
2 2 5000 0 1 0.4316546762589928 0.028771597103789896 0.0 0.0 0.09546527921448573 0.0 0.9967266885376524 0.2
3 3 5000 0 1 0.9314653540325635 0.05862925089358091 0.8235294117647058 0.041176470588235294 0.2025904975783262 0.17948407414579243 0.9930514320555240 0.3333333333333333
4 4 5000 0 1 0.9859901552442256 0.06209714732004783 0.9058823529411765 0.045294117647058825 0.21449260451002275 0.19743248156037171 0.9930514320555240 0.3333333333333333
5 5 5000 0 1 0.9859901552442256 0.08205971750095863 0.9058823529411765 0.045294117647058825 0.23512489066322004 0.19743248156037171 0.9970781782721285 0.2
6 6 5000 0 1 0.9859901552442256 0.08852603394100805 0.9058823529411765 0.045294117647058825 0.23762921245885235 0.19743248156037171 0.9970949413721274 0.2
7 7 5000 0 1 0.9859901552442256 0.13887390917673242 0.9058823529411765 0.057527127355796695 0.3058866631418113 0.20177884432562185 0.9935539182211311 0.16666666666666666
8 8 5000 0 1 0.9859901552442256 0.1683989412691586 0.9058823529411765 0.057527127355796695 0.31926315214672313 0.20177884432562185 0.9972033974264105 0.16666666666666666
9 9 5000 0 1 0.9859901552442256 0.17067144201669174 0.9058823529411765 0.057527127355796695 0.31821644805403915 0.20177884432562185 0.9966360388933709 0.2
10 10 5000 0 1 0.9859901552442256 0.17103885070482658 0.9058823529411765 0.057527127355796695 0.31802336433765416 0.20177884432562185 0.9973528686862634 0.16666666666666666
11 11 5000 0 1 0.9859901552442256 0.17134142256564353 0.9058823529411765 0.057527127355796695 0.31787032469874726 0.20177884432562185 0.9973528686862634 0.2
12 12 5000 0 1 0.9859901552442256 0.1725564893943191 0.9058823529411765 0.057527127355796695 0.31725890393616474 0.20177884432562185 0.9966335218441813 0.16666666666666666
13 13 5000 0 1 0.9859901552442256 0.17358459083366112 0.9058823529411765 0.057527127355796695 0.3167309328679004 0.20177884432562185 0.9974178449887028 0.2
14 14 5000 0 1 0.9859901552442256 0.1745566442966016 0.9058823529411765 0.057527127355796695 0.31630082848074653 0.20177884432562185 0.9966335218441813 0.2
15 15 5000 0 1 0.9859901552442256 0.17483760388164588 0.9058823529411765 0.057527127355796695 0.3161600175523006 0.20177884432562185 0.9973528686862634 0.16666666666666666
16 16 5000 0 1 0.9859901552442256 0.17550589063741745 0.9058823529411765 0.057527127355796695 0.31589622325383804 0.20177884432562185 0.9966335218441813 0.2
17 17 5000 0 1 0.9859901552442256 0.17562027906784478 0.9058823529411765 0.057527127355796695 0.3158471736238307 0.20177884432562185 0.9967266885376524 0.2
18 18 5000 0 1 0.9859901552442256 0.17647082584791768 0.9058823529411765 0.057527127355796695 0.31554965063819007 0.20177884432562185 0.9966335218441813 0.16666666666666666
19 19 5000 0 1 0.9859901552442256 0.17679500998450726 0.9058823529411765 0.057527127355796695 0.31539101435083366 0.20177884432562185 0.9973528686862634 0.16666666666666666
20 20 5000 0 1 0.9859901552442256 0.18400298279044053 0.9058823529411765 0.057527127355796695 0.31908060057210874 0.20177884432562185 0.9970949413721274 0.16666666666666666
21 21 5000 0 1 0.9859901552442256 0.1872168270426037 0.9058823529411765 0.057527127355796695 0.3217026261335523 0.20177884432562185 0.9970949413721274 0.2
22 22 5000 0 1 0.9859901552442256 0.20821911442043692 0.9058823529411765 0.057527127355796695 0.3538107594265156 0.20177884432562185 0.9970781782721285 0.16666666666666666
23 23 5000 0 1 0.9859901552442256 0.2117651589198189 0.9058823529411765 0.057527127355796695 0.35685062590047884 0.20177884432562185 0.9970949413721274 0.2
24 24 5000 0 1 0.9859901552442256 0.24142815524948186 0.9058823529411765 0.057527127355796695 0.3626253777878814 0.20177884432562185 0.9964749136080622 0.16666666666666666
25 25 5000 0 1 0.9859901552442256 0.2831347515303861 0.9058823529411765 0.08365325348192282 0.3869413504741374 0.2251170693400387 0.9930371354613098 0.16666666666666666
26 26 5000 0 1 0.9859901552442256 0.29336100489428524 0.9058823529411765 0.08365325348192282 0.3832092234434709 0.2251170693400387 0.9966360388933709 0.16666666666666666
27 27 5000 0 1 0.9859901552442256 0.302022022168691 0.9058823529411765 0.08475108266376688 0.3825663788076334 0.22473326454391948 0.9917260986237741 0.4
28 28 5000 0 1 0.9859901552442256 0.30613843799645934 0.9058823529411765 0.08475108266376688 0.3824271083557602 0.22473326454391948 0.9966360388933709 0.2
29 29 5000 0 1 0.9859901552442256 0.34020286568665814 0.9058823529411765 0.08475108266376688 0.3858002316816409 0.22473326454391948 0.9974178449887028 0.2
30 30 5000 0 1 0.9859901552442256 0.34461176994427645 0.9058823529411765 0.08475108266376688 0.3842502115476164 0.22473326454391948 0.9973528686862634 0.2
31 31 5000 0 1 0.9859901552442256 0.35263487649113134 0.9058823529411765 0.08475108266376688 0.3909179515511113 0.22473326454391948 0.9972033974264105 0.2
32 32 5000 0 1 0.9859901552442256 0.35577238772570935 0.9058823529411765 0.08475108266376688 0.3886515222232583 0.22473326454391948 0.9967266885376524 0.16666666666666666
33 33 5000 0 1 0.9859901552442256 0.35952500409170157 0.9058823529411765 0.08475108266376688 0.3887691165263516 0.22473326454391948 0.9966360388933709 0.16666666666666666
34 34 5000 0 1 0.9859901552442256 0.36739168000658373 0.9058823529411765 0.08882728221016309 0.3883917791121029 0.22372537015785976 0.9869926732742361 0.16666666666666666
35 35 5000 0 1 0.9859901552442256 0.37900329161819535 0.9058823529411765 0.08882728221016309 0.3983156082198441 0.22372537015785976 0.9964749136080622 0.16666666666666666
36 36 5000 0 1 0.9859901552442256 0.37973934899292405 0.9058823529411765 0.08882728221016309 0.39762756600187976 0.22372537015785976 0.9966186458191771 0.2
37 37 5000 0 1 0.9859901552442256 0.38566589323332473 0.9058823529411765 0.08882728221016309 0.3927772291609575 0.22372537015785976 0.9958570886326342 0.2
38 38 5000 0 1 0.9951397326852977 0.39202284521039915 0.9058823529411765 0.09393238731526818 0.40095079118261473 0.23447034074180348 0.9930371354613098 0.4
39 39 5000 0 1 0.9951397326852977 0.3939125309705199 0.9058823529411765 0.09393238731526818 0.3992535798114361 0.23447034074180348 0.9966186458191771 0.16666666666666666
0 5000 5000 1 1 0.9951397326852977 0.3886723562980309 0.9058823529411765 0.09393238731526818 0.39221206191477836 0.23447034074180348 0.0 0.0
1 5001 5000 1 1 0.9951397326852977 0.36708962248508126 0.9058823529411765 0.09393238731526818 0.36999631481492995 0.23447034074180348 0.0 0.0
2 5002 5000 1 1 0.9951397326852977 0.3651409338667301 0.9058823529411765 0.09393238731526818 0.37147642857463514 0.23447034074180348 0.0 0.0
3 5003 5000 1 1 0.9951397326852977 0.3352832800769391 0.6246246246246246 0.052755916727032906 0.37204778544734396 0.14256369033566013 0.0 0.0
4 5004 5000 1 1 0.9951397326852977 0.33181538365047214 0.6246246246246246 0.04863826966820937 0.37398410241424057 0.14283840845337578 0.0 0.0
5 5005 5000 1 1 0.9951397326852977 0.3118528134695614 0.6246246246246246 0.04863826966820937 0.35485528682055756 0.14283840845337578 0.0 0.0
6 5006 5000 1 1 0.9951397326852977 0.3053864970295119 0.6246246246246246 0.04863826966820937 0.3529394272214588 0.14283840845337578 0.0 0.0
7 5007 5000 1 1 0.9951397326852977 0.2550386217937876 0.6246246246246246 0.036405259959471505 0.32250000211883134 0.13583158219800234 0.0 0.0
8 5008 5000 1 1 0.9951397326852977 0.22551358970136143 0.6246246246246246 0.036405259959471505 0.30213361497999053 0.13583158219800234 0.0 0.0
9 5009 5000 1 1 0.9951397326852977 0.22324108895382827 0.6246246246246246 0.036405259959471505 0.30092585374534536 0.13583158219800234 0.0 0.0
10 5010 5000 1 1 0.9951397326852977 0.22287368026569343 0.6246246246246246 0.036405259959471505 0.300744015036599 0.13583158219800234 0.0 0.0
11 5011 5000 1 1 0.9951397326852977 0.22257110840487648 0.6246246246246246 0.036405259959471505 0.3006005895392326 0.13583158219800234 0.0 0.0
12 5012 5000 1 1 0.9708383961117861 0.2213560415762009 0.6246246246246246 0.036405259959471505 0.29750852218956964 0.13583158219800234 0.0 0.0
13 5013 5000 1 1 0.9708383961117861 0.22032794013685889 0.6246246246246246 0.036405259959471505 0.2958773552940769 0.13583158219800234 0.0 0.0
14 5014 5000 1 1 0.951397326852977 0.21935588667391842 0.6246246246246246 0.036405259959471505 0.29343191658572515 0.13583158219800234 0.0 0.0
15 5015 5000 1 1 0.951397326852977 0.21907492708887416 0.6246246246246246 0.036405259959471505 0.2932976481934721 0.13583158219800234 0.0 0.0
16 5016 5000 1 1 0.9380315917375456 0.2184066403331026 0.6246246246246246 0.036405259959471505 0.2916388061471898 0.13583158219800234 0.0 0.0
17 5017 5000 1 1 0.9380315917375456 0.21829225190267526 0.6246246246246246 0.036405259959471505 0.2916993813125547 0.13583158219800234 0.0 0.0
18 5018 5000 1 1 0.9210206561360875 0.2174417051226023 0.6246246246246246 0.036405259959471505 0.28961686806680864 0.13583158219800234 0.0 0.0
19 5019 5000 1 1 0.9210206561360875 0.21711752098601272 0.6246246246246246 0.036405259959471505 0.28946450491159137 0.13583158219800234 0.0 0.0
20 5020 5000 1 1 0.9210206561360875 0.2099095481800795 0.6246246246246246 0.036405259959471505 0.2886162705545264 0.13583158219800234 0.0 0.0
21 5021 5000 1 1 0.9210206561360875 0.20669570392791634 0.6246246246246246 0.036405259959471505 0.2893390853104236 0.13583158219800234 0.0 0.0
22 5022 5000 1 1 0.9210206561360875 0.18569341655008312 0.6246246246246246 0.036405259959471505 0.2845677663572504 0.13583158219800234 0.0 0.0
23 5023 5000 1 1 0.9210206561360875 0.18214737205070114 0.6246246246246246 0.036405259959471505 0.285913004336925 0.13583158219800234 0.0 0.0
24 5024 5000 1 1 0.9210206561360875 0.15248437572103818 0.6246246246246246 0.036405259959471505 0.2455547833481726 0.13583158219800234 0.0 0.0
25 5025 5000 1 1 0.6812885538039753 0.11077777944013392 0.1021021021021021 0.010279133833345378 0.17155296809031553 0.026140905896243984 0.0 0.0
26 5026 5000 1 1 0.6812885538039753 0.10055152607623478 0.1021021021021021 0.010279133833345378 0.16211469411218682 0.026140905896243984 0.0 0.0
27 5027 5000 1 1 0.6812885538039753 0.09189050880182904 0.1021021021021021 0.00918130465150131 0.15479124964699886 0.024558677420569587 0.0 0.0
28 5028 5000 1 1 0.6812885538039753 0.08777409297406066 0.1021021021021021 0.00918130465150131 0.15408800867100902 0.024558677420569587 0.0 0.0
29 5029 5000 1 1 0.23223223223223224 0.05370966528386192 0.1021021021021021 0.00918130465150131 0.07317768096555052 0.024558677420569587 0.0 0.0
30 5030 5000 1 1 0.23223223223223224 0.04930076102624359 0.1021021021021021 0.00918130465150131 0.06574699541248238 0.024558677420569587 0.0 0.0
31 5031 5000 1 1 0.23223223223223224 0.04127765447938865 0.1021021021021021 0.00918130465150131 0.06133500559201272 0.024558677420569587 0.0 0.0
32 5032 5000 1 1 0.23223223223223224 0.03814014324481065 0.1021021021021021 0.00918130465150131 0.061759838152437595 0.024558677420569587 0.0 0.0
33 5033 5000 1 1 0.23223223223223224 0.03438752687881843 0.1021021021021021 0.00918130465150131 0.06168308956839184 0.024558677420569587 0.0 0.0
34 5034 5000 1 1 0.23223223223223224 0.026520850963936204 0.1021021021021021 0.005105105105105106 0.059008996396926326 0.022252637249306737 0.0 0.0
35 5035 5000 1 1 0.11853088480801335 0.01490923935232459 0.1021021021021021 0.005105105105105106 0.03558849939489729 0.022252637249306737 0.0 0.0
36 5036 5000 1 1 0.11853088480801335 0.014173181977595895 0.1021021021021021 0.005105105105105106 0.03494961122975965 0.022252637249306737 0.0 0.0
37 5037 5000 1 1 0.11300121506682867 0.008246637737195226 0.1021021021021021 0.005105105105105106 0.02553172234386728 0.022252637249306737 0.0 0.0
38 5038 5000 1 1 0.03779371520241578 0.001889685760120789 0.0 0.0 0.008236949263414358 0.0 0.0 0.0
39 5039 5000 1 1 0.0 0.0 0.0 0.0 0.0 0.0 0.0 0.0
65
