0 0 5000 0 1 0.8813868613138686 0.04406934306569343 0.0 0.0 0.19209381293158265 0.0 0.9971097721811838 0.2
1 1 5000 0 1 0.8813868613138686 0.051971011195631966 0.0 0.0 0.19336463261117023 0.0 0.9974635616354889 0.16666666666666666
2 2 5000 0 1 0.8813868613138686 0.07666980637635487 0.0 0.0 0.21543727070158414 0.0 0.9967605819593923 0.2
3 3 5000 0 1 0.8813868613138686 0.08048619564806057 0.0 0.0 0.21472015664278307 0.0 0.9972084098155185 0.2
4 4 5000 0 1 0.8813868613138686 0.112176336493131 0.0 0.0 0.24512148707362846 0.0 0.9971537087863671 0.2
5 5 5000 0 1 0.8813868613138686 0.1341579033134075 0.0 0.0 0.25364052608020515 0.0 0.9973308912788448 0.16666666666666666
6 6 5000 0 1 0.8813868613138686 0.1482088046919865 0.0 0.0 0.2536031669646033 0.0 0.9970825913902405 0.16666666666666666
7 7 5000 0 1 0.8813868613138686 0.1532790417420304 0.0 0.0 0.2547599472848983 0.0 0.9974635616354889 0.16666666666666666
8 8 5000 0 1 0.8813868613138686 0.15759862031973013 0.0 0.0 0.2572436043561655 0.0 0.9974635616354889 0.2
9 9 5000 0 1 0.8813868613138686 0.18691993527201006 0.0 0.0 0.29957797199518343 0.0 0.9970825913902405 0.2
10 10 5000 0 1 0.8813868613138686 0.1875190136130239 0.0 0.0 0.3000942654582962 0.0 0.9973308912788448 0.2
11 11 5000 0 1 0.8813868613138686 0.188256340801964 0.0 0.0 0.30075961289330516 0.0 0.9973308912788448 0.16666666666666666
12 12 5000 0 1 0.8813868613138686 0.18876494800071203 0.0 0.0 0.30152027457924363 0.0 0.9971537087863671 0.16666666666666666
13 13 5000 0 1 0.8813868613138686 0.18911706067676837 0.0 0.0 0.30205529642325635 0.0 0.9971537087863671 0.2
14 14 5000 0 1 0.8813868613138686 0.19266036776338252 0.0 0.0 0.3002261613048418 0.0 0.9973190636676726 0.2
15 15 5000 0 1 0.8813868613138686 0.19607402238185642 0.0 0.0 0.30399725326427407 0.0 0.9967605819593923 0.2
16 16 5000 0 1 0.8813868613138686 0.19653354871625023 0.0 0.0 0.30501699425878454 0.0 0.9970825913902405 0.2
17 17 5000 0 1 0.8858253799929303 0.19699307505064398 0.0 0.0 0.30604644717800544 0.0 0.9970825913902405 0.2
18 18 5000 0 1 0.8858253799929303 0.2032922876490692 0.0 0.0 0.30467909118185826 0.0 0.9973190636676726 0.16666666666666666
19 19 5000 0 1 0.8858253799929303 0.20341520248664602 0.0 0.0 0.3047370597353714 0.0 0.9974635616354889 0.2
20 20 5000 0 1 0.9946977730646872 0.21955006637986524 0.08819538670284939 0.004199780319183304 0.32944653723639455 0.018781988568519273 0.9934276432206617 0.4
21 21 5000 0 1 0.9946977730646872 0.23157081799317664 0.08819538670284939 0.004199780319183304 0.32557975702645253 0.018781988568519273 0.9960229168546901 0.16666666666666666
22 22 5000 0 1 0.9946977730646872 0.24410538020515818 0.08819538670284939 0.004199780319183304 0.3467473373052833 0.018781988568519273 0.9973308912788448 0.2
23 23 5000 0 1 0.9946977730646872 0.25782169046708403 0.08819538670284939 0.004199780319183304 0.3517201816650859 0.018781988568519273 0.9960229168546901 0.16666666666666666
24 24 5000 0 1 0.9946977730646872 0.2630929486433057 0.08819538670284939 0.004199780319183304 0.3485927909398077 0.018781988568519273 0.9958599492809003 0.2
25 25 5000 0 1 0.9946977730646872 0.3083937426928319 0.9494949494949495 0.06220294117948703 0.37306885995644795 0.20704225171252305 0.9927298617159487 0.2
26 26 5000 0 1 0.9946977730646872 0.31498617594602685 0.9494949494949495 0.06220294117948703 0.37779198216741655 0.20704225171252305 0.9960229168546901 0.2
27 27 5000 0 1 0.9946977730646872 0.32358143494514885 0.9494949494949495 0.06220294117948703 0.38039840691145527 0.20704225171252305 0.9974635616354889 0.16666666666666666
28 28 5000 0 1 0.9946977730646872 0.32994404381424003 0.9494949494949495 0.06220294117948703 0.37597137764178584 0.20704225171252305 0.9968987422408658 0.16666666666666666
29 29 5000 0 1 0.9946977730646872 0.33187344061271346 0.9494949494949495 0.06220294117948703 0.37476199497822177 0.20704225171252305 0.9972084098155185 0.2
30 30 5000 0 1 0.9946977730646872 0.33470250037496585 0.9494949494949495 0.06414585957691432 0.3777466871015812 0.20656325600800468 0.9931866706779718 0.2
31 31 5000 0 1 0.9946977730646872 0.3361643089790045 0.9494949494949495 0.06414585957691432 0.3785174554501044 0.20656325600800468 0.9974635616354889 0.2
32 32 5000 0 1 0.9946977730646872 0.35034365504569276 0.9494949494949495 0.06414585957691432 0.3708939298216623 0.20656325600800468 0.9969444484785527 0.16666666666666666
33 33 5000 0 1 0.9946977730646872 0.40182289824808154 0.9494949494949495 0.11224686269002399 0.3991801307759149 0.2729520340196481 0.9932159874839668 0.16666666666666666
34 34 5000 0 1 0.9946977730646872 0.4236468868925103 0.9494949494949495 0.11224686269002399 0.3884011627120757 0.2729520340196481 0.9961766353551758 0.16666666666666666
35 35 5000 0 1 0.9946977730646872 0.44050427493945704 0.9494949494949495 0.1268098703469965 0.4052492151054746 0.27792836489000716 0.9898032845685985 0.16666666666666666
36 36 5000 0 1 0.9946977730646872 0.4414901755013144 0.9494949494949495 0.1268098703469965 0.4045159892520559 0.27792836489000716 0.9972084098155185 0.2
37 37 5000 0 1 0.9946977730646872 0.4434778782469945 0.9494949494949495 0.1268098703469965 0.40317295256499963 0.27792836489000716 0.9972084098155185 0.16666666666666666
38 38 5000 0 1 0.9946977730646872 0.44794113334510904 0.9494949494949495 0.1268098703469965 0.39988659761298784 0.27792836489000716 0.9958599492809003 0.16666666666666666
39 39 5000 0 1 0.9946977730646872 0.45393885572901393 0.9494949494949495 0.1268098703469965 0.4037024301289248 0.27792836489000716 0.9960229168546901 0.16666666666666666
0 5000 5000 1 1 0.9946977730646872 0.40986951266332056 0.9494949494949495 0.1268098703469965 0.3936537992003958 0.27792836489000716 0.0 0.0
1 5001 5000 1 1 0.9946977730646872 0.40196784453338197 0.9494949494949495 0.1268098703469965 0.3923570998770948 0.27792836489000716 0.0 0.0
2 5002 5000 1 1 0.9946977730646872 0.3772690493526591 0.9494949494949495 0.1268098703469965 0.37091831546275805 0.27792836489000716 0.0 0.0
3 5003 5000 1 1 0.9946977730646872 0.3734526600809534 0.9494949494949495 0.1268098703469965 0.3732162527557436 0.27792836489000716 0.0 0.0
4 5004 5000 1 1 0.9946977730646872 0.34176251923588297 0.9494949494949495 0.1268098703469965 0.3584758525518418 0.27792836489000716 0.0 0.0
5 5005 5000 1 1 0.9946977730646872 0.3197809524156065 0.9494949494949495 0.1268098703469965 0.33160657617383643 0.27792836489000716 0.0 0.0
6 5006 5000 1 1 0.988985051140834 0.3057300510370275 0.9494949494949495 0.1268098703469965 0.30781109588808886 0.27792836489000716 0.0 0.0
7 5007 5000 1 1 0.988985051140834 0.3006598139869836 0.9494949494949495 0.1268098703469965 0.3071928003355014 0.27792836489000716 0.0 0.0
8 5008 5000 1 1 0.988985051140834 0.2963402354092839 0.9494949494949495 0.1268098703469965 0.3079189839187441 0.27792836489000716 0.0 0.0
9 5009 5000 1 1 0.988985051140834 0.26701892045700387 0.9494949494949495 0.1268098703469965 0.2944066319280884 0.27792836489000716 0.0 0.0
10 5010 5000 1 1 0.988985051140834 0.26641984211599007 0.9494949494949495 0.1268098703469965 0.2938770724756008 0.27792836489000716 0.0 0.0
11 5011 5000 1 1 0.988985051140834 0.26568251492705 0.9494949494949495 0.1268098703469965 0.2932559167525571 0.27792836489000716 0.0 0.0
12 5012 5000 1 1 0.988985051140834 0.26517390772830196 0.9494949494949495 0.1268098703469965 0.29335933129036146 0.27792836489000716 0.0 0.0
13 5013 5000 1 1 0.988985051140834 0.26482179505224557 0.9494949494949495 0.1268098703469965 0.29344071653963794 0.27792836489000716 0.0 0.0
14 5014 5000 1 1 0.988985051140834 0.2612784879656314 0.9494949494949495 0.1268098703469965 0.28733078178148874 0.27792836489000716 0.0 0.0
15 5015 5000 1 1 0.988985051140834 0.25786483334715754 0.9494949494949495 0.1268098703469965 0.2851820177116881 0.27792836489000716 0.0 0.0
16 5016 5000 1 1 0.988985051140834 0.25740530701276376 0.9494949494949495 0.1268098703469965 0.2853994290365729 0.27792836489000716 0.0 0.0
17 5017 5000 1 1 0.988985051140834 0.25694578067837 0.9494949494949495 0.1268098703469965 0.2856307217577795 0.27792836489000716 0.0 0.0
18 5018 5000 1 1 0.988985051140834 0.25064656807994473 0.9494949494949495 0.1268098703469965 0.27640536276490574 0.27792836489000716 0.0 0.0
19 5019 5000 1 1 0.988985051140834 0.2505236532423679 0.9494949494949495 0.1268098703469965 0.2764268025122884 0.27792836489000716 0.0 0.0
20 5020 5000 1 1 0.988985051140834 0.23438878934914875 0.9494949494949495 0.1226100900278132 0.27406171837890886 0.27914384070208165 0.0 0.0
21 5021 5000 1 1 0.988985051140834 0.22236803773583738 0.9494949494949495 0.1226100900278132 0.2550715130390794 0.27914384070208165 0.0 0.0
22 5022 5000 1 1 0.988985051140834 0.20983347552385584 0.9494949494949495 0.1226100900278132 0.25748183480034237 0.27914384070208165 0.0 0.0
23 5023 5000 1 1 0.988985051140834 0.19611716526192996 0.9494949494949495 0.1226100900278132 0.2473755800591322 0.27914384070208165 0.0 0.0
24 5024 5000 1 1 0.988985051140834 0.1908459070857083 0.9494949494949495 0.1226100900278132 0.24847063773462813 0.27914384070208165 0.0 0.0
25 5025 5000 1 1 0.6023622047244095 0.14554511303618212 0.864406779661017 0.06460692916750947 0.1782736011536797 0.18892258533309017 0.0 0.0
26 5026 5000 1 1 0.6023622047244095 0.13895267978298712 0.864406779661017 0.06460692916750947 0.1766528309275084 0.18892258533309017 0.0 0.0
27 5027 5000 1 1 0.6023622047244095 0.13035742078386509 0.864406779661017 0.06460692916750947 0.17759746127847809 0.18892258533309017 0.0 0.0
28 5028 5000 1 1 0.6023622047244095 0.12399481191477393 0.864406779661017 0.06460692916750947 0.17985979592944407 0.18892258533309017 0.0 0.0
29 5029 5000 1 1 0.6023622047244095 0.1220654151163005 0.864406779661017 0.06460692916750947 0.18017230396122907 0.18892258533309017 0.0 0.0
30 5030 5000 1 1 0.6023622047244095 0.11923635535404806 0.864406779661017 0.06266401077008217 0.18154188717120504 0.18945091752663049 0.0 0.0
31 5031 5000 1 1 0.6023622047244095 0.11777454675000942 0.864406779661017 0.06266401077008217 0.18237648885131105 0.18945091752663049 0.0 0.0
32 5032 5000 1 1 0.6023622047244095 0.10359520068332118 0.864406779661017 0.06266401077008217 0.17994161510252932 0.18945091752663049 0.0 0.0
33 5033 5000 1 1 0.4364797728885735 0.05211595748093234 0.12669683257918551 0.014563007656972514 0.10249430881061777 0.03726531773216324 0.0 0.0
34 5034 5000 1 1 0.1936619718309859 0.030291968836503667 0.12669683257918551 0.014563007656972514 0.052705060285383264 0.03726531773216324 0.0 0.0
35 5035 5000 1 1 0.11995444767809693 0.013434580789556875 0.0 0.0 0.03338000552614705 0.0 0.0 0.0
36 5036 5000 1 1 0.11995444767809693 0.012448680227699566 0.0 0.0 0.032278723673605146 0.0 0.0 0.0
37 5037 5000 1 1 0.11995444767809693 0.010460977482019507 0.0 0.0 0.031755855325049515 0.0 0.0 0.0
38 5038 5000 1 1 0.11995444767809693 0.005997722383904847 0.0 0.0 0.02614346576285309 0.0 0.0 0.0
39 5039 5000 1 1 0.0 0.0 0.0 0.0 0.0 0.0 0.0 0.0
147
