0 0 5000 0 1 0.20241566014160767 0.010120783007080383 0.0 0.0 0.04411547035736708 0.0 0.9969851543468479 0.16666666666666666
1 1 5000 0 1 0.22845816816190279 0.021543691415175523 0.0 0.0 0.06476211132854183 0.0 0.9973451195791947 0.16666666666666666
2 2 5000 0 1 0.22845816816190279 0.02896254767483549 0.0 0.0 0.07014428771992452 0.0 0.9973815893577853 0.2
3 3 5000 0 1 0.22845816816190279 0.04010116153622163 0.0 0.0 0.08143906609275305 0.0 0.9970502089893714 0.16666666666666666
4 4 5000 0 1 0.6453160859586897 0.060944057426060974 0.0 0.0 0.15079201675460296 0.0 0.9973451195791947 0.16666666666666666
5 5 5000 0 1 0.6453160859586897 0.06326578213584538 0.0 0.0 0.15019207494329284 0.0 0.9969466794437497 0.2
6 6 5000 0 1 0.6453160859586897 0.08198137846612062 0.0 0.0 0.16384365434701115 0.0 0.9970947848909012 0.16666666666666666
7 7 5000 0 1 0.8697247706422019 0.10875118768169975 0.34408602150537637 0.013234077750206784 0.2311789682754485 0.06617038875103394 0.9934262813426657 0.2
8 8 5000 0 1 0.8697247706422019 0.11774301329477876 0.34408602150537637 0.013234077750206784 0.2302697930091291 0.06617038875103394 0.9964036444023595 0.16666666666666666
9 9 5000 0 1 0.9614678899082569 0.13439700094124982 0.5681818181818182 0.03508722460335364 0.25595602533709555 0.1254556038724877 0.9934438189373338 0.2
10 10 5000 0 1 0.9614678899082569 0.1349245507653999 0.5681818181818182 0.03508722460335364 0.2556892108507132 0.1254556038724877 0.9975773742379074 0.2
11 11 5000 0 1 0.9614678899082569 0.13501299742101075 0.5681818181818182 0.03508722460335364 0.2556588896943553 0.1254556038724877 0.9969466794437497 0.2
12 12 5000 0 1 0.9614678899082569 0.13552414983736763 0.5681818181818182 0.03508722460335364 0.25539852720614914 0.1254556038724877 0.9975892577121970 0.16666666666666666
13 13 5000 0 1 0.9614678899082569 0.13646201619141218 0.5681818181818182 0.03508722460335364 0.25497196657741256 0.1254556038724877 0.9975773742379074 0.2
14 14 5000 0 1 0.9773700305810398 0.13725712322505132 0.5681818181818182 0.03508722460335364 0.2575551424356129 0.1254556038724877 0.9970947848909012 0.2
15 15 5000 0 1 0.9773700305810398 0.13743808979946054 0.5681818181818182 0.03508722460335364 0.2574598914808718 0.1254556038724877 0.9964769316307920 0.16666666666666666
16 16 5000 0 1 0.9773700305810398 0.137618570154868 0.5681818181818182 0.03508722460335364 0.2575346605338035 0.1254556038724877 0.9969851543468479 0.16666666666666666
17 17 5000 0 1 0.9944954128440368 0.13847483926801785 0.5681818181818182 0.03508722460335364 0.2603385077008793 0.1254556038724877 0.9970947848909012 0.2
18 18 5000 0 1 0.9944954128440368 0.13891297822065712 0.5681818181818182 0.03508722460335364 0.26119708981337103 0.1254556038724877 0.9973451195791947 0.16666666666666666
19 19 5000 0 1 0.9969418960244648 0.13930345419486004 0.6136363636363636 0.03683547635160538 0.2619336274521718 0.1329642254811661 0.9934438189373338 0.2
20 20 5000 0 1 0.9969418960244648 0.1578471835677973 0.6136363636363636 0.03683547635160538 0.2956143833368921 0.1329642254811661 0.9970502089893714 0.16666666666666666
21 21 5000 0 1 0.9969418960244648 0.16244640965956073 0.6136363636363636 0.03683547635160538 0.2945865161861488 0.1329642254811661 0.9969466794437497 0.2
22 22 5000 0 1 0.9969418960244648 0.16826343034538607 0.6136363636363636 0.03683547635160538 0.2973151500500565 0.1329642254811661 0.9969851543468479 0.2
23 23 5000 0 1 0.9969418960244648 0.18177169079242203 0.6136363636363636 0.03683547635160538 0.3116196476102806 0.1329642254811661 0.9969851543468479 0.16666666666666666
24 24 5000 0 1 0.9969418960244648 0.20277078252720862 0.6136363636363636 0.03683547635160538 0.32465952321440444 0.1329642254811661 0.9964036444023595 0.16666666666666666
25 25 5000 0 1 0.9969418960244648 0.2136386653353899 0.6136363636363636 0.03683547635160538 0.3260178321406301 0.1329642254811661 0.9969466794437497 0.16666666666666666
26 26 5000 0 1 0.9969418960244648 0.2165838825773614 0.6136363636363636 0.03683547635160538 0.325680855799958 0.1329642254811661 0.9973815893577853 0.2
27 27 5000 0 1 0.9969418960244648 0.23323316277765352 0.6136363636363636 0.03683547635160538 0.35482776811390737 0.1329642254811661 0.9973451195791947 0.16666666666666666
28 28 5000 0 1 0.9969418960244648 0.2377466820452711 0.6136363636363636 0.03683547635160538 0.3524444316326018 0.1329642254811661 0.9964769316307920 0.2
29 29 5000 0 1 0.9969418960244648 0.24567215001710693 0.6136363636363636 0.03683547635160538 0.35345101934155493 0.1329642254811661 0.9973815893577853 0.16666666666666666
30 30 5000 0 1 0.9969418960244648 0.2666862180124176 0.6136363636363636 0.03683547635160538 0.35245494005968564 0.1329642254811661 0.9975773742379074 0.16666666666666666
31 31 5000 0 1 0.9969418960244648 0.2681275278748205 0.6136363636363636 0.03683547635160538 0.35141883832311804 0.1329642254811661 0.9963570955156400 0.2
32 32 5000 0 1 0.9969418960244648 0.2732691076065642 0.6136363636363636 0.03683547635160538 0.34957941262831105 0.1329642254811661 0.9964769316307920 0.16666666666666666
33 33 5000 0 1 0.9969418960244648 0.2765773587741823 0.6136363636363636 0.03683547635160538 0.3472832072457595 0.1329642254811661 0.9963503896603213 0.2
34 34 5000 0 1 0.9969418960244648 0.2825748598154151 0.6136363636363636 0.03683547635160538 0.35434237667080526 0.1329642254811661 0.9969851543468479 0.16666666666666666
35 35 5000 0 1 0.9969418960244648 0.28807256910321183 0.6136363636363636 0.03683547635160538 0.3623526207797334 0.1329642254811661 0.9969851543468479 0.16666666666666666
36 36 5000 0 1 0.9969418960244648 0.29104259635116825 0.6136363636363636 0.03683547635160538 0.36512848268860626 0.1329642254811661 0.9964036444023595 0.2
37 37 5000 0 1 0.9969418960244648 0.3002084885444768 0.6136363636363636 0.03683547635160538 0.36023206892064424 0.1329642254811661 0.9975892577121970 0.16666666666666666
38 38 5000 0 1 0.9969418960244648 0.3018313633512774 0.6136363636363636 0.03683547635160538 0.36059679431006614 0.1329642254811661 0.9973815893577853 0.2
39 39 5000 0 1 0.9969418960244648 0.3029267588467036 0.6136363636363636 0.03683547635160538 0.35979820558596126 0.1329642254811661 0.9963570955156400 0.2
0 5000 5000 1 1 0.9969418960244648 0.29280597583962326 0.6136363636363636 0.03683547635160538 0.3465197479723544 0.1329642254811661 0.0 0.0
1 5001 5000 1 1 0.9969418960244648 0.2813830674315281 0.6136363636363636 0.03683547635160538 0.32664079241591526 0.1329642254811661 0.0 0.0
2 5002 5000 1 1 0.9969418960244648 0.2739642111718681 0.6136363636363636 0.03683547635160538 0.3255855391470052 0.1329642254811661 0.0 0.0
3 5003 5000 1 1 0.9969418960244648 0.26282559731048194 0.6136363636363636 0.03683547635160538 0.3094282161658853 0.1329642254811661 0.0 0.0
4 5004 5000 1 1 0.9969418960244648 0.24198270142064265 0.6136363636363636 0.03683547635160538 0.2886744007626312 0.1329642254811661 0.0 0.0
5 5005 5000 1 1 0.9969418960244648 0.23966097671085823 0.6136363636363636 0.03683547635160538 0.28792137271071544 0.1329642254811661 0.0 0.0
6 5006 5000 1 1 0.6600027766208524 0.22094538038058298 0.6136363636363636 0.03683547635160538 0.24740247825879758 0.1329642254811661 0.0 0.0
7 5007 5000 1 1 0.6592188919164396 0.1941755711650039 0.6136363636363636 0.0236013986013986 0.2262465969830931 0.11800699300699298 0.0 0.0
8 5008 5000 1 1 0.620019436345967 0.18518374555192488 0.6136363636363636 0.0236013986013986 0.21061944684726167 0.11800699300699298 0.0 0.0
9 5009 5000 1 1 0.620019436345967 0.1685297579054538 0.045454545454545456 0.0017482517482517483 0.19368232087146228 0.008741258741258744 0.0 0.0
10 5010 5000 1 1 0.620019436345967 0.16800220808130378 0.045454545454545456 0.0017482517482517483 0.19292895857559533 0.008741258741258744 0.0 0.0
11 5011 5000 1 1 0.620019436345967 0.16791376142569292 0.045454545454545456 0.0017482517482517483 0.19286372567890633 0.008741258741258744 0.0 0.0
12 5012 5000 1 1 0.620019436345967 0.16740260900933604 0.045454545454545456 0.0017482517482517483 0.19280866734194893 0.008741258741258744 0.0 0.0
13 5013 5000 1 1 0.620019436345967 0.1664647426552915 0.045454545454545456 0.0017482517482517483 0.19152644151312714 0.008741258741258744 0.0 0.0
14 5014 5000 1 1 0.620019436345967 0.16566963562165232 0.045454545454545456 0.0017482517482517483 0.19210073612381814 0.008741258741258744 0.0 0.0
15 5015 5000 1 1 0.620019436345967 0.16548866904724313 0.045454545454545456 0.0017482517482517483 0.19207310175455328 0.008741258741258744 0.0 0.0
16 5016 5000 1 1 0.6164098292378176 0.16530818869183567 0.045454545454545456 0.0017482517482517483 0.19164714336190525 0.008741258741258744 0.0 0.0
17 5017 5000 1 1 0.6164098292378176 0.16445191957868582 0.045454545454545456 0.0017482517482517483 0.1923334014735622 0.008741258741258744 0.0 0.0
18 5018 5000 1 1 0.6164098292378176 0.16401378062604655 0.045454545454545456 0.0017482517482517483 0.1919385935601633 0.008741258741258744 0.0 0.0
19 5019 5000 1 1 0.6164098292378176 0.16362330465184363 0.0 0.0 0.1917491052086857 0.0 0.0 0.0
20 5020 5000 1 1 0.6164098292378176 0.14507957527890636 0.0 0.0 0.18871890215153084 0.0 0.0 0.0
21 5021 5000 1 1 0.6164098292378176 0.14048034918714297 0.0 0.0 0.1857572799780336 0.0 0.0 0.0
22 5022 5000 1 1 0.5000694155213106 0.1346633285013176 0.0 0.0 0.17208050635521416 0.0 0.0 0.0
23 5023 5000 1 1 0.4793823796548592 0.12115506805428164 0.0 0.0 0.15233741624585984 0.0 0.0 0.0
24 5024 5000 1 1 0.42028135990621335 0.10015597631949509 0.0 0.0 0.12860819278757094 0.0 0.0 0.0
25 5025 5000 1 1 0.42028135990621335 0.08928809351131377 0.0 0.0 0.12742333250650723 0.0 0.0 0.0
26 5026 5000 1 1 0.42028135990621335 0.08634287626934227 0.0 0.0 0.12432060643385782 0.0 0.0 0.0
27 5027 5000 1 1 0.42028135990621335 0.06969359606905016 0.0 0.0 0.11184604378230116 0.0 0.0 0.0
28 5028 5000 1 1 0.42028135990621335 0.06518007680143253 0.0 0.0 0.10854764179822567 0.0 0.0 0.0
29 5029 5000 1 1 0.42028135990621335 0.05725460882959673 0.0 0.0 0.10479599312936833 0.0 0.0 0.0
30 5030 5000 1 1 0.2299042065805914 0.03624054083428606 0.0 0.0 0.06414898700687634 0.0 0.0 0.0
31 5031 5000 1 1 0.2299042065805914 0.03479923097188311 0.0 0.0 0.06413098472746766 0.0 0.0 0.0
32 5032 5000 1 1 0.2299042065805914 0.029657651240139443 0.0 0.0 0.06257376893323488 0.0 0.0 0.0
33 5033 5000 1 1 0.2299042065805914 0.026349400072521383 0.0 0.0 0.06230466624297814 0.0 0.0 0.0
34 5034 5000 1 1 0.183317843866171 0.02035189903128857 0.0 0.0 0.04608320153527635 0.0 0.0 0.0
35 5035 5000 1 1 0.183317843866171 0.014854189743491814 0.0 0.0 0.04138499917509326 0.0 0.0 0.0
36 5036 5000 1 1 0.183317843866171 0.011884162495535412 0.0 0.0 0.04019590220863026 0.0 0.0 0.0
37 5037 5000 1 1 0.03245749613601236 0.0027182703022268612 0.0 0.0 0.008323658159907607 0.0 0.0 0.0
38 5038 5000 1 1 0.021907909908524866 0.0010953954954262433 0.0 0.0 0.004774718267772667 0.0 0.0 0.0
39 5039 5000 1 1 0.0 0.0 0.0 0.0 0.0 0.0 0.0 0.0
69
