0 0 5000 0 1 0.24295010845986983 0.012147505422993492 0.0 0.0 0.05294974855494093 0.0 0.9969726632345660 0.2
1 1 5000 0 1 0.24295010845986983 0.01711493213309121 0.0 0.0 0.05614110277253782 0.0 0.9976530921766484 0.16666666666666666
2 2 5000 0 1 0.5121951219512195 0.04272468823065219 0.0 0.0 0.12139414106768816 0.0 0.9969495675206259 0.16666666666666666
3 3 5000 0 1 0.5121951219512195 0.06052688603284999 0.0 0.0 0.1386967824749591 0.0 0.9971709469260668 0.16666666666666666
4 4 5000 0 1 0.5121951219512195 0.06670859068473885 0.0 0.0 0.13861650254807104 0.0 0.9975247511571822 0.2
5 5 5000 0 1 0.6594360086767896 0.08753288569558484 0.0 0.0 0.1865318189707931 0.0 0.9969726632345660 0.2
6 6 5000 0 1 0.6594360086767896 0.09746107801528511 0.0 0.0 0.19334882983739052 0.0 0.9975247511571822 0.2
7 7 5000 0 1 0.6594360086767896 0.10795364577978525 0.0 0.0 0.193469174950675 0.0 0.9976581159301887 0.16666666666666666
8 8 5000 0 1 0.841648590021692 0.13420213552904728 0.24068767908309455 0.01669070324462036 0.24045135692462052 0.055241058597890774 0.9923867064365229 0.2
9 9 5000 0 1 0.841648590021692 0.14227555983054177 0.24068767908309455 0.01669070324462036 0.2385127604582052 0.055241058597890774 0.9960002740005361 0.2
10 10 5000 0 1 0.841648590021692 0.14261584056214532 0.24068767908309455 0.01669070324462036 0.23831430856489927 0.055241058597890774 0.9969871891955299 0.16666666666666666
11 11 5000 0 1 0.841648590021692 0.1428123042163693 0.24068767908309455 0.01669070324462036 0.2381982480409398 0.055241058597890774 0.9970574612438819 0.16666666666666666
12 12 5000 0 1 0.841648590021692 0.14298244458217108 0.24068767908309455 0.01669070324462036 0.23810223627903157 0.055241058597890774 0.9969871891955299 0.2
13 13 5000 0 1 0.841648590021692 0.1431352496465675 0.24068767908309455 0.01669070324462036 0.23801391241226155 0.055241058597890774 0.9970574612438819 0.16666666666666666
14 14 5000 0 1 0.841648590021692 0.14355942780139253 0.24068767908309455 0.01669070324462036 0.23776587523161158 0.055241058597890774 0.9969331095092672 0.16666666666666666
15 15 5000 0 1 0.841648590021692 0.14396351117017175 0.24068767908309455 0.01669070324462036 0.23754566710700753 0.055241058597890774 0.9969871891955299 0.16666666666666666
16 16 5000 0 1 0.841648590021692 0.14441518235355028 0.24068767908309455 0.01669070324462036 0.23825293137002734 0.055241058597890774 0.9969495675206259 0.16666666666666666
17 17 5000 0 1 0.841648590021692 0.14511847905684697 0.24068767908309455 0.01669070324462036 0.2388964898087325 0.055241058597890774 0.9971709469260668 0.16666666666666666
18 18 5000 0 1 0.841648590021692 0.1452603694737865 0.24068767908309455 0.01669070324462036 0.23881523368541238 0.055241058597890774 0.9970574612438819 0.2
19 19 5000 0 1 0.841648590021692 0.14551013531830725 0.24068767908309455 0.01669070324462036 0.2390026925370483 0.055241058597890774 0.9975247511571822 0.2
20 20 5000 0 1 0.841648590021692 0.16010490444972475 0.24068767908309455 0.01669070324462036 0.23858342736125437 0.055241058597890774 0.9967845291635021 0.16666666666666666
21 21 5000 0 1 0.841648590021692 0.18924064145926878 0.24068767908309455 0.01669070324462036 0.25340833650205 0.055241058597890774 0.9969331095092672 0.16666666666666666
22 22 5000 0 1 0.841648590021692 0.21198369701482433 0.24068767908309455 0.01669070324462036 0.2558039270782226 0.055241058597890774 0.9968499291773236 0.2
23 23 5000 0 1 0.9534811114580081 0.24329808977161482 0.24068767908309455 0.01669070324462036 0.3021296353693568 0.055241058597890774 0.9975247511571822 0.16666666666666666
24 24 5000 0 1 0.9534811114580081 0.25516019617769514 0.24068767908309455 0.01669070324462036 0.3008998313014884 0.055241058597890774 0.9976530921766484 0.2
25 25 5000 0 1 0.9534811114580081 0.2667229784721848 0.24068767908309455 0.01669070324462036 0.3150142060776827 0.055241058597890774 0.9969495675206259 0.2
26 26 5000 0 1 0.9534811114580081 0.28641672581374156 0.24068767908309455 0.01669070324462036 0.3111556377972516 0.055241058597890774 0.9969871891955299 0.16666666666666666
27 27 5000 0 1 0.9534811114580081 0.3044528701568484 0.44019138755980863 0.03870027262261079 0.32185639753056405 0.10733529667748007 0.9930848015414775 0.3333333333333333
28 28 5000 0 1 0.9534811114580081 0.32216715587113404 0.44019138755980863 0.03870027262261079 0.3344843755716036 0.10733529667748007 0.9971709469260668 0.2
29 29 5000 0 1 0.9534811114580081 0.3334343881086738 0.44019138755980863 0.03870027262261079 0.3469212162138045 0.10733529667748007 0.9969331095092672 0.2
30 30 5000 0 1 0.9534811114580081 0.3373472892219679 0.44019138755980863 0.03870027262261079 0.3456578829316227 0.10733529667748007 0.9970574612438819 0.16666666666666666
31 31 5000 0 1 0.9534811114580081 0.3425182989939548 0.44019138755980863 0.03870027262261079 0.34638070743298943 0.10733529667748007 0.9976530921766484 0.2
32 32 5000 0 1 0.9534811114580081 0.3636988545495104 0.44019138755980863 0.03870027262261079 0.36505104241407843 0.10733529667748007 0.9968499291773236 0.16666666666666666
33 33 5000 0 1 0.9534811114580081 0.3680046829712524 0.44019138755980863 0.03870027262261079 0.3643417257664748 0.10733529667748007 0.9970574612438819 0.16666666666666666
34 34 5000 0 1 0.9930555555555556 0.3760954131558344 0.44019138755980863 0.046804376959323254 0.37367986487090304 0.10718162460055963 0.9921061794046961 0.4
35 35 5000 0 1 0.9930555555555556 0.3934577494496775 0.44019138755980863 0.060174324488585784 0.3922605424858872 0.11346255433649369 0.9931628153717144 0.3333333333333333
36 36 5000 0 1 0.9930555555555556 0.3956614950098971 0.44019138755980863 0.060174324488585784 0.3918073140674843 0.11346255433649369 0.9967845291635021 0.2
37 37 5000 0 1 0.9930555555555556 0.4057184982672261 0.44019138755980863 0.060174324488585784 0.3965813255609022 0.11346255433649369 0.9976530921766484 0.16666666666666666
38 38 5000 0 1 0.9930555555555556 0.4092347007507965 0.4880382775119617 0.06256666898619342 0.40020496445720527 0.12165836439777639 0.9930848015414775 0.4
39 39 5000 0 1 0.9930555555555556 0.41322236557427583 0.4880382775119617 0.06256666898619342 0.40061142259196764 0.12165836439777639 0.9969871891955299 0.2
0 5000 5000 1 1 0.9930555555555556 0.4010748601512823 0.4880382775119617 0.06256666898619342 0.3910045626505352 0.12165836439777639 0.0 0.0
1 5001 5000 1 1 0.9930555555555556 0.3961074334411846 0.4880382775119617 0.06256666898619342 0.3879420614044787 0.12165836439777639 0.0 0.0
2 5002 5000 1 1 0.9930555555555556 0.3704976773436236 0.4880382775119617 0.06256666898619342 0.36393091606490724 0.12165836439777639 0.0 0.0
3 5003 5000 1 1 0.9930555555555556 0.35269547954142577 0.4880382775119617 0.06256666898619342 0.3412179881454869 0.12165836439777639 0.0 0.0
4 5004 5000 1 1 0.9930555555555556 0.346513774889537 0.4880382775119617 0.06256666898619342 0.3312521890320133 0.12165836439777639 0.0 0.0
5 5005 5000 1 1 0.9930555555555556 0.325689479878691 0.4880382775119617 0.06256666898619342 0.32781740233221635 0.12165836439777639 0.0 0.0
6 5006 5000 1 1 0.9930555555555556 0.3157612875589907 0.4880382775119617 0.06256666898619342 0.3151607753507884 0.12165836439777639 0.0 0.0
7 5007 5000 1 1 0.9930555555555556 0.30526871979449055 0.4880382775119617 0.06256666898619342 0.30777105443510955 0.12165836439777639 0.0 0.0
8 5008 5000 1 1 0.9930555555555556 0.2790202300452286 0.4880382775119617 0.04587596574157308 0.3157662826610297 0.11173900836842009 0.0 0.0
9 5009 5000 1 1 0.9930555555555556 0.2709468057437341 0.4880382775119617 0.04587596574157308 0.32069433873750486 0.11173900836842009 0.0 0.0
10 5010 5000 1 1 0.9930555555555556 0.2706065250121305 0.4880382775119617 0.04587596574157308 0.320463218203235 0.11173900836842009 0.0 0.0
11 5011 5000 1 1 0.9930555555555556 0.2704100613579065 0.4880382775119617 0.04587596574157308 0.32040596169658186 0.11173900836842009 0.0 0.0
12 5012 5000 1 1 0.9930555555555556 0.27023992099210475 0.4880382775119617 0.04587596574157308 0.3202927896796494 0.11173900836842009 0.0 0.0
13 5013 5000 1 1 0.9930555555555556 0.27008711592770834 0.4880382775119617 0.04587596574157308 0.3202497360358188 0.11173900836842009 0.0 0.0
14 5014 5000 1 1 0.9930555555555556 0.2696629377728833 0.4880382775119617 0.04587596574157308 0.31953047240119237 0.11173900836842009 0.0 0.0
15 5015 5000 1 1 0.9930555555555556 0.2692588544041041 0.4880382775119617 0.04587596574157308 0.3192670604159442 0.11173900836842009 0.0 0.0
16 5016 5000 1 1 0.9930555555555556 0.2688071832207256 0.4880382775119617 0.04587596574157308 0.31897531936119744 0.11173900836842009 0.0 0.0
17 5017 5000 1 1 0.9930555555555556 0.2681038865174289 0.4880382775119617 0.04587596574157308 0.3181851805693771 0.11173900836842009 0.0 0.0
18 5018 5000 1 1 0.9930555555555556 0.2679619961004893 0.4880382775119617 0.04587596574157308 0.3181453016335825 0.11173900836842009 0.0 0.0
19 5019 5000 1 1 0.9930555555555556 0.2677122302559686 0.4880382775119617 0.04587596574157308 0.3178618061161378 0.11173900836842009 0.0 0.0
20 5020 5000 1 1 0.9930555555555556 0.2531174611245511 0.4880382775119617 0.04587596574157308 0.3210776305862495 0.11173900836842009 0.0 0.0
21 5021 5000 1 1 0.9930555555555556 0.22398172411500705 0.4880382775119617 0.04587596574157308 0.2947583641184161 0.11173900836842009 0.0 0.0
22 5022 5000 1 1 0.6262878551358102 0.20123866855945152 0.4880382775119617 0.04587596574157308 0.24845120328199397 0.11173900836842009 0.0 0.0
23 5023 5000 1 1 0.6193406593406593 0.169924275802661 0.4880382775119617 0.04587596574157308 0.23181656272635476 0.11173900836842009 0.0 0.0
24 5024 5000 1 1 0.6193406593406593 0.15806216939658066 0.4880382775119617 0.04587596574157308 0.21556753084251315 0.11173900836842009 0.0 0.0
25 5025 5000 1 1 0.6193406593406593 0.14649938710209104 0.4880382775119617 0.04587596574157308 0.20440413533728116 0.11173900836842009 0.0 0.0
26 5026 5000 1 1 0.6193406593406593 0.12680563976053424 0.4880382775119617 0.04587596574157308 0.19043448863447326 0.11173900836842009 0.0 0.0
27 5027 5000 1 1 0.6193406593406593 0.10876949541742742 0.18203309692671396 0.023866396363582648 0.1819290093632673 0.04718054235125697 0.0 0.0
28 5028 5000 1 1 0.5381944444444444 0.09105520970314171 0.18203309692671396 0.023866396363582648 0.14481533049527706 0.04718054235125697 0.0 0.0
29 5029 5000 1 1 0.5381944444444444 0.07978797746560193 0.18203309692671396 0.023866396363582648 0.1426793585862893 0.04718054235125697 0.0 0.0
30 5030 5000 1 1 0.5381944444444444 0.0758750763523079 0.18203309692671396 0.023866396363582648 0.14090102060250628 0.04718054235125697 0.0 0.0
31 5031 5000 1 1 0.5381944444444444 0.07070406658032094 0.18203309692671396 0.023866396363582648 0.13231633209890556 0.04718054235125697 0.0 0.0
32 5032 5000 1 1 0.26505494505494503 0.049523511024765376 0.18203309692671396 0.023866396363582648 0.0789170617751823 0.04718054235125697 0.0 0.0
33 5033 5000 1 1 0.26505494505494503 0.0452176826030234 0.18203309692671396 0.023866396363582648 0.07822026211860428 0.04718054235125697 0.0 0.0
34 5034 5000 1 1 0.26505494505494503 0.03712695241844142 0.18203309692671396 0.015762292026870184 0.07118020013638138 0.043441745606540655 0.0 0.0
35 5035 5000 1 1 0.2011400651465798 0.01976461612459828 0.04784688995215311 0.0023923444976076554 0.046945828357223454 0.010427987903207354 0.0 0.0
36 5036 5000 1 1 0.2011400651465798 0.01756087056437871 0.04784688995215311 0.0023923444976076554 0.046787143381873654 0.010427987903207354 0.0 0.0
37 5037 5000 1 1 0.07975329646958741 0.007503867307049721 0.04784688995215311 0.0023923444976076554 0.02045107933324152 0.010427987903207354 0.0 0.0
38 5038 5000 1 1 0.07975329646958741 0.003987664823479371 0.0 0.0 0.017381827986258536 0.0 0.0 0.0
39 5039 5000 1 1 0.0 0.0 0.0 0.0 0.0 0.0 0.0 0.0
72
