0 0 5000 0 1 0.1927801927801928 0.009639009639009639 0.0 0.0 0.04201546893225749 0.0 0.9971813248322395 0.2
1 1 5000 0 1 0.1927801927801928 0.01317719962617267 0.0 0.0 0.043988036034081184 0.0 0.9975129399110402 0.2
2 2 5000 0 1 0.2145214521452145 0.023903272233433394 0.0 0.0 0.06195314481269356 0.0 0.9973356243263987 0.2
3 3 5000 0 1 0.4389438943894389 0.03512439434564461 0.0 0.0 0.10251073088737402 0.0 0.9973356243263987 0.2
4 4 5000 0 1 0.7293729372937293 0.04964584649085914 0.0 0.0 0.16199728365980023 0.0 0.9973356243263987 0.2
5 5 5000 0 1 0.8668134287286736 0.09298651792729282 0.0 0.0 0.2400616868263717 0.0 0.9971746416496109 0.2
6 6 5000 0 1 0.8668134287286736 0.09592297492344173 0.0 0.0 0.240131077088051 0.0 0.9975129399110402 0.16666666666666666
7 7 5000 0 1 0.8668134287286736 0.10510925221292286 0.0 0.0 0.23979981278069343 0.0 0.9972078165998464 0.16666666666666666
8 8 5000 0 1 0.8668134287286736 0.12382027092394157 0.0 0.0 0.25968580560220644 0.0 0.9971813248322395 0.2
9 9 5000 0 1 0.8668134287286736 0.15035942214928527 0.0 0.0 0.2724825723768614 0.0 0.9970455904558521 0.16666666666666666
10 10 5000 0 1 0.8668134287286736 0.15069965464148827 0.0 0.0 0.2725282666674053 0.0 0.9972078165998464 0.16666666666666666
11 11 5000 0 1 0.8668134287286736 0.1512095848615634 0.0 0.0 0.2722552186173569 0.0 0.9973866633145428 0.16666666666666666
12 12 5000 0 1 0.8668134287286736 0.15158532291846089 0.0 0.0 0.2720654702152533 0.0 0.9973866633145428 0.16666666666666666
13 13 5000 0 1 0.8668134287286736 0.15186709243099966 0.0 0.0 0.2719112066933967 0.0 0.9973118657924037 0.2
14 14 5000 0 1 0.8668134287286736 0.15203719260109982 0.0 0.0 0.2721717888063083 0.0 0.9971813248322395 0.2
15 15 5000 0 1 0.8668134287286736 0.1522519000621841 0.0 0.0 0.2720674141694769 0.0 0.9973866633145428 0.2
16 16 5000 0 1 0.8668134287286736 0.15258065080934488 0.0 0.0 0.2725281932146777 0.0 0.9970455904558521 0.2
17 17 5000 0 1 0.8668134287286736 0.1529027120009713 0.0 0.0 0.27237746192019713 0.0 0.9973866633145428 0.2
18 18 5000 0 1 0.8668134287286736 0.1534130607392758 0.0 0.0 0.272457036430595 0.0 0.9972078165998464 0.16666666666666666
19 19 5000 0 1 0.8668134287286736 0.1536965610227761 0.0 0.0 0.2728933803974716 0.0 0.9971813248322395 0.16666666666666666
20 20 5000 0 1 0.9735973597359736 0.1659077821448883 0.0 0.0 0.3022637666346566 0.0 0.9973356243263987 0.2
21 21 5000 0 1 0.9735973597359736 0.20078093625318064 0.0 0.0 0.3207780073242494 0.0 0.9969743674163423 0.16666666666666666
22 22 5000 0 1 0.9735973597359736 0.2275388535908081 0.0 0.0 0.3275358991751057 0.0 0.9973866633145428 0.16666666666666666
23 23 5000 0 1 0.9735973597359736 0.23120541328272076 0.0 0.0 0.3268274963892309 0.0 0.9975129399110402 0.2
24 24 5000 0 1 0.9735973597359736 0.2488202308975384 0.0 0.0 0.3533569172045187 0.0 0.9971813248322395 0.16666666666666666
25 25 5000 0 1 0.9735973597359736 0.26118201144758096 0.0 0.0 0.35577490805446954 0.0 0.9972078165998464 0.2
26 26 5000 0 1 0.9941409941409941 0.2722840258149014 0.08482142857142858 0.00759417616811983 0.35804552489626185 0.022519406097216067 0.9928372666585324 0.4
27 27 5000 0 1 0.9941409941409941 0.28648520924685406 0.08482142857142858 0.00759417616811983 0.3527817230720419 0.022519406097216067 0.9973118657924037 0.2
28 28 5000 0 1 0.9941409941409941 0.3004082008823793 0.2793733681462141 0.028583282010401775 0.36053164565023393 0.07531591403574246 0.9928685833816558 0.2
29 29 5000 0 1 0.9941409941409941 0.3098284907374517 0.2793733681462141 0.028583282010401775 0.3696322259161748 0.07531591403574246 0.9973866633145428 0.2
30 30 5000 0 1 0.9941409941409941 0.32080098861099865 0.2793733681462141 0.028583282010401775 0.3767586452743314 0.07531591403574246 0.9972078165998464 0.16666666666666666
31 31 5000 0 1 0.9941409941409941 0.3247561913328586 0.2793733681462141 0.028583282010401775 0.3807705664990028 0.07531591403574246 0.9972078165998464 0.2
32 32 5000 0 1 0.9941409941409941 0.33037749386755283 0.31592689295039167 0.031329520157990065 0.3832019483320068 0.08367798131017924 0.9928685833816558 0.2
33 33 5000 0 1 0.9941409941409941 0.3377589115261067 0.31592689295039167 0.031329520157990065 0.3781555842207685 0.08367798131017924 0.9971564798844046 0.16666666666666666
34 34 5000 0 1 0.9941409941409941 0.35156050183280874 0.31592689295039167 0.031329520157990065 0.3956637702289675 0.08367798131017924 0.9969743674163423 0.16666666666666666
35 35 5000 0 1 0.9941409941409941 0.3569400595136217 0.31592689295039167 0.031329520157990065 0.3988717706091949 0.08367798131017924 0.9970455904558521 0.2
36 36 5000 0 1 0.9941409941409941 0.3673171505258134 0.31592689295039167 0.031329520157990065 0.4113760320145236 0.08367798131017924 0.9972078165998464 0.16666666666666666
37 37 5000 0 1 0.9941409941409941 0.37718027451937214 0.31592689295039167 0.031329520157990065 0.422690414141159 0.08367798131017924 0.9973866633145428 0.16666666666666666
38 38 5000 0 1 0.9941409941409941 0.3805911823182707 0.31592689295039167 0.031329520157990065 0.42109651729443875 0.08367798131017924 0.9971564798844046 0.2
39 39 5000 0 1 0.9941409941409941 0.3838886791090281 0.31592689295039167 0.031329520157990065 0.41994821174543645 0.08367798131017924 0.9975129399110402 0.16666666666666666
0 5000 5000 1 1 0.9906439185470556 0.3742496694700185 0.31592689295039167 0.031329520157990065 0.40786927352295765 0.08367798131017924 0.0 0.0
1 5001 5000 1 1 0.9906439185470556 0.37071147948285543 0.31592689295039167 0.031329520157990065 0.4090740601506644 0.08367798131017924 0.0 0.0
2 5002 5000 1 1 0.9906439185470556 0.35998540687559466 0.31592689295039167 0.031329520157990065 0.39571999605165675 0.08367798131017924 0.0 0.0
3 5003 5000 1 1 0.9906439185470556 0.3487642847633835 0.31592689295039167 0.031329520157990065 0.3873373037006795 0.08367798131017924 0.0 0.0
4 5004 5000 1 1 0.9906439185470556 0.33424283261816895 0.31592689295039167 0.031329520157990065 0.3855359957689023 0.08367798131017924 0.0 0.0
5 5005 5000 1 1 0.9734948882998864 0.29090216118173523 0.31592689295039167 0.031329520157990065 0.3569735825697075 0.08367798131017924 0.0 0.0
6 5006 5000 1 1 0.9734948882998864 0.2879657041855863 0.31592689295039167 0.031329520157990065 0.35796580501040365 0.08367798131017924 0.0 0.0
7 5007 5000 1 1 0.9734948882998864 0.27877942689610513 0.31592689295039167 0.031329520157990065 0.342789835930911 0.08367798131017924 0.0 0.0
8 5008 5000 1 1 0.9734948882998864 0.2600684081850865 0.31592689295039167 0.031329520157990065 0.32342039835041486 0.08367798131017924 0.0 0.0
9 5009 5000 1 1 0.9734948882998864 0.23352925695974275 0.31592689295039167 0.031329520157990065 0.3123365809014805 0.08367798131017924 0.0 0.0
10 5010 5000 1 1 0.9734948882998864 0.23318902446753972 0.31592689295039167 0.031329520157990065 0.3117548013626353 0.08367798131017924 0.0 0.0
11 5011 5000 1 1 0.9734948882998864 0.23267909424746458 0.31592689295039167 0.031329520157990065 0.31058926026620287 0.08367798131017924 0.0 0.0
12 5012 5000 1 1 0.9734948882998864 0.2323033561905671 0.31592689295039167 0.031329520157990065 0.3097378408013449 0.08367798131017924 0.0 0.0
13 5013 5000 1 1 0.9734948882998864 0.23202158667802836 0.31592689295039167 0.031329520157990065 0.309688095241976 0.08367798131017924 0.0 0.0
14 5014 5000 1 1 0.9734948882998864 0.2318514865079282 0.31592689295039167 0.031329520157990065 0.30958179304666467 0.08367798131017924 0.0 0.0
15 5015 5000 1 1 0.9734948882998864 0.23163677904684393 0.31592689295039167 0.031329520157990065 0.3090975514918587 0.08367798131017924 0.0 0.0
16 5016 5000 1 1 0.9734948882998864 0.23130802829968317 0.31592689295039167 0.031329520157990065 0.3092257862860372 0.08367798131017924 0.0 0.0
17 5017 5000 1 1 0.9734948882998864 0.23098596710805674 0.31592689295039167 0.031329520157990065 0.3085032809413883 0.08367798131017924 0.0 0.0
18 5018 5000 1 1 0.9734948882998864 0.23047561836975222 0.31592689295039167 0.031329520157990065 0.30762907546224505 0.08367798131017924 0.0 0.0
19 5019 5000 1 1 0.9734948882998864 0.23019211808625192 0.31592689295039167 0.031329520157990065 0.30745340301472623 0.08367798131017924 0.0 0.0
20 5020 5000 1 1 0.9734948882998864 0.21798089696413975 0.31592689295039167 0.031329520157990065 0.3114772164817474 0.08367798131017924 0.0 0.0
21 5021 5000 1 1 0.9208266237251744 0.18310774285584738 0.31592689295039167 0.031329520157990065 0.2596735361128001 0.08367798131017924 0.0 0.0
22 5022 5000 1 1 0.7533314431528211 0.1563498255182199 0.31592689295039167 0.031329520157990065 0.2038490626826807 0.08367798131017924 0.0 0.0
23 5023 5000 1 1 0.7533314431528211 0.1526832658263072 0.31592689295039167 0.031329520157990065 0.20478045971386827 0.08367798131017924 0.0 0.0
24 5024 5000 1 1 0.7533314431528211 0.1350684482114896 0.31592689295039167 0.031329520157990065 0.19616566662959892 0.08367798131017924 0.0 0.0
25 5025 5000 1 1 0.5060958321519705 0.12270666766144708 0.31592689295039167 0.031329520157990065 0.16155112064564 0.08367798131017924 0.0 0.0
26 5026 5000 1 1 0.5060958321519705 0.11160465329412658 0.31592689295039167 0.023735343989870237 0.15195255511602276 0.07516399359214124 0.0 0.0
27 5027 5000 1 1 0.5060958321519705 0.09740346986217394 0.31592689295039167 0.023735343989870237 0.14840575960736624 0.07516399359214124 0.0 0.0
28 5028 5000 1 1 0.5060958321519705 0.08348047822664874 0.03655352480417755 0.002746238147588292 0.1436900370345502 0.008696660415619648 0.0 0.0
29 5029 5000 1 1 0.5060958321519705 0.07406018837157627 0.03655352480417755 0.002746238147588292 0.12899429751505165 0.008696660415619648 0.0 0.0
30 5030 5000 1 1 0.28664587468103203 0.06308769049802936 0.03655352480417755 0.002746238147588292 0.09719067294839967 0.008696660415619648 0.0 0.0
31 5031 5000 1 1 0.27603180613404016 0.05913248777616942 0.03655352480417755 0.002746238147588292 0.08930184753890924 0.008696660415619648 0.0 0.0
32 5032 5000 1 1 0.27603180613404016 0.05351118524147521 0.0 0.0 0.09039515420531415 0.0 0.0 0.0
33 5033 5000 1 1 0.27603180613404016 0.046129767582921304 0.0 0.0 0.08252257543942666 0.0 0.0 0.0
34 5034 5000 1 1 0.20754182024383327 0.0323281772762193 0.0 0.0 0.06389946767013419 0.0 0.0 0.0
35 5035 5000 1 1 0.20754182024383327 0.02694861959540638 0.0 0.0 0.061832290104826305 0.0 0.0 0.0
36 5036 5000 1 1 0.1972624798711755 0.016571528583214718 0.0 0.0 0.04605609927702126 0.0 0.0 0.0
37 5037 5000 1 1 0.06821815597797122 0.0067084045896559415 0.0 0.0 0.020128409023425782 0.0 0.0 0.0
38 5038 5000 1 1 0.06594993581514763 0.0032974967907573815 0.0 0.0 0.01437345527756111 0.0 0.0 0.0
39 5039 5000 1 1 0.0 0.0 0.0 0.0 0.0 0.0 0.0 0.0
290
