0 0 5000 0 1 0.9113924050632911 0.053942024807752634 0.6906077348066298 0.04773003739921982 0.20006000829877532 0.1590140253885022 0.9934832648149293 0.3333333333333333
1 1 5000 0 1 0.9113924050632911 0.08216288370345814 0.6906077348066298 0.04773003739921982 0.22827909899643617 0.1590140253885022 0.9970598237777338 0.2
2 2 5000 0 1 0.9113924050632911 0.08859145513202957 0.6906077348066298 0.04773003739921982 0.22768436746278206 0.1590140253885022 0.9973593967182222 0.16666666666666666
3 3 5000 0 1 0.9113924050632911 0.09448865263501802 0.6906077348066298 0.04773003739921982 0.22683926115278535 0.1590140253885022 0.9972441073964069 0.2
4 4 5000 0 1 0.9113924050632911 0.12604420819057358 0.6906077348066298 0.04773003739921982 0.25379534114543756 0.1590140253885022 0.9967765409175583 0.16666666666666666
5 5 5000 0 1 0.9113924050632911 0.15588345802312548 0.6906077348066298 0.04773003739921982 0.2894826982391195 0.1590140253885022 0.9976863118482995 0.16666666666666666
6 6 5000 0 1 0.9897750511247444 0.18706427867628947 0.6906077348066298 0.07290844605152619 0.35110985717167364 0.18028822911595294 0.9930550212375249 0.3333333333333333
7 7 5000 0 1 0.9897750511247444 0.20869146714178893 0.6906077348066298 0.07290844605152619 0.3522410443438497 0.18028822911595294 0.9977743524234936 0.2
8 8 5000 0 1 0.9897750511247444 0.2531532456129278 0.6906077348066298 0.07290844605152619 0.37825429397458454 0.18028822911595294 0.9972337071694668 0.16666666666666666
9 9 5000 0 1 0.9897750511247444 0.2744199809373356 0.6906077348066298 0.07290844605152619 0.39912356367466706 0.18028822911595294 0.9977743524234936 0.16666666666666666
10 10 5000 0 1 0.9897750511247444 0.2758547011668908 0.6906077348066298 0.07290844605152619 0.39818500386739925 0.18028822911595294 0.9971464503884350 0.16666666666666666
11 11 5000 0 1 0.9897750511247444 0.27657560744907417 0.6906077348066298 0.07290844605152619 0.3992497224888082 0.18028822911595294 0.9977743524234936 0.16666666666666666
12 12 5000 0 1 0.9897750511247444 0.27674081478427986 0.6906077348066298 0.07290844605152619 0.39913591024238826 0.18028822911595294 0.9971147979815554 0.2
13 13 5000 0 1 0.9897750511247444 0.2770632220921788 0.6906077348066298 0.07290844605152619 0.39891478200968006 0.18028822911595294 0.9969826431594528 0.16666666666666666
14 14 5000 0 1 0.9897750511247444 0.27726147089442565 0.6906077348066298 0.07290844605152619 0.3987796449637257 0.18028822911595294 0.9971147979815554 0.2
15 15 5000 0 1 0.9897750511247444 0.2775005464688711 0.6906077348066298 0.07290844605152619 0.3986854817613067 0.18028822911595294 0.9972441073964069 0.16666666666666666
16 16 5000 0 1 0.9897750511247444 0.2780465683097448 0.6906077348066298 0.07290844605152619 0.39952949752318545 0.18028822911595294 0.9972337071694668 0.2
17 17 5000 0 1 0.9897750511247444 0.2782723619078322 0.6906077348066298 0.07290844605152619 0.3994429208788783 0.18028822911595294 0.9972441073964069 0.2
18 18 5000 0 1 0.9897750511247444 0.2788205216572449 0.6906077348066298 0.07290844605152619 0.39906801516409796 0.18028822911595294 0.9968357553525166 0.2
19 19 5000 0 1 0.9918200408997955 0.2791795248856715 0.6906077348066298 0.07346385212473884 0.3996913047504944 0.1811618726976471 0.9930550212375249 0.16666666666666666
20 20 5000 0 1 0.9918200408997955 0.2977358566069683 0.6906077348066298 0.07346385212473884 0.3951882623715721 0.1811618726976471 0.9969826431594528 0.16666666666666666
21 21 5000 0 1 0.9918200408997955 0.32427818085374016 0.6906077348066298 0.07346385212473884 0.3940522761738632 0.1811618726976471 0.9971464503884350 0.2
22 22 5000 0 1 0.9918200408997955 0.34007200209940347 0.6906077348066298 0.07346385212473884 0.3873023090108536 0.1811618726976471 0.9971147979815554 0.16666666666666666
23 23 5000 0 1 0.9918200408997955 0.3499410565958409 0.6906077348066298 0.07346385212473884 0.3809741025564532 0.1811618726976471 0.9960542078759252 0.16666666666666666
24 24 5000 0 1 0.9918200408997955 0.39719586654422195 0.6906077348066298 0.07346385212473884 0.3930595308289131 0.1811618726976471 0.9963578685129827 0.16666666666666666
25 25 5000 0 1 0.9918200408997955 0.41393872368707907 0.6906077348066298 0.07346385212473884 0.38836433363034784 0.1811618726976471 0.9973593967182222 0.16666666666666666
26 26 5000 0 1 0.9918200408997955 0.41853428750697547 0.6906077348066298 0.07346385212473884 0.38547768840578445 0.1811618726976471 0.9972441073964069 0.2
27 27 5000 0 1 0.9918200408997955 0.43866319561740513 0.6906077348066298 0.08542209167265322 0.4023289165295094 0.18021562081291398 0.9930073083643423 0.4
28 28 5000 0 1 0.9979906229068989 0.4482213726825658 0.6906077348066298 0.11123749676925175 0.41077783167525844 0.19757651773684753 0.9865176781577841 0.2
29 29 5000 0 1 0.9979906229068989 0.46568510186042716 0.6906077348066298 0.11123749676925175 0.4148078784105766 0.19757651773684753 0.9969826431594528 0.16666666666666666
30 30 5000 0 1 0.9979906229068989 0.49810483561140606 0.6906077348066298 0.11123749676925175 0.40317662789603753 0.19757651773684753 0.9968357553525166 0.16666666666666666
31 31 5000 0 1 0.9979906229068989 0.5012768164473551 0.6906077348066298 0.11123749676925175 0.40203560296418683 0.19757651773684753 0.9971147979815554 0.2
32 32 5000 0 1 0.9979906229068989 0.504333959304498 0.6906077348066298 0.11123749676925175 0.40243772955451007 0.19757651773684753 0.9973593967182222 0.2
33 33 5000 0 1 0.9979906229068989 0.5086450704156091 0.6906077348066298 0.11123749676925175 0.4042305713893997 0.19757651773684753 0.9967765409175583 0.2
34 34 5000 0 1 0.9979906229068989 0.5147016516348946 0.6906077348066298 0.11123749676925175 0.40074012401079184 0.19757651773684753 0.9972441073964069 0.16666666666666666
35 35 5000 0 1 0.9979906229068989 0.5241582436943797 0.7541436464088398 0.12545915356006443 0.4067456020687442 0.21996979158675728 0.9896535632399484 0.16666666666666666
36 36 5000 0 1 0.9979906229068989 0.5407453558662174 0.7541436464088398 0.12545915356006443 0.3915111175282031 0.21996979158675728 0.9958291463426943 0.16666666666666666
37 37 5000 0 1 0.9979906229068989 0.5494507130090746 0.7541436464088398 0.12545915356006443 0.3811903381154591 0.21996979158675728 0.9965942778325930 0.2
38 38 5000 0 1 0.9979906229068989 0.5525235694439002 0.7541436464088398 0.12545915356006443 0.3801112409033247 0.21996979158675728 0.9971147979815554 0.2
39 39 5000 0 1 0.9979906229068989 0.5662569027772335 0.7541436464088398 0.12545915356006443 0.3906338627841587 0.21996979158675728 0.9967765409175583 0.16666666666666666
0 5000 5000 1 1 0.9951939581187779 0.5123148779694809 0.5321428571428571 0.07772911616084462 0.38723894949409604 0.1457911840667612 0.0 0.0
1 5001 5000 1 1 0.9951939581187779 0.4840940190737754 0.5321428571428571 0.07772911616084462 0.37151289288404094 0.1457911840667612 0.0 0.0
2 5002 5000 1 1 0.9951939581187779 0.477665447645204 0.5321428571428571 0.07772911616084462 0.36898326607128085 0.1457911840667612 0.0 0.0
3 5003 5000 1 1 0.9951939581187779 0.4717682501422155 0.5321428571428571 0.07772911616084462 0.3720614744456743 0.1457911840667612 0.0 0.0
4 5004 5000 1 1 0.9951939581187779 0.44021269458666 0.5321428571428571 0.07772911616084462 0.35286916221152287 0.1457911840667612 0.0 0.0
5 5005 5000 1 1 0.9951939581187779 0.4103734447541082 0.5321428571428571 0.07772911616084462 0.34371439067976467 0.1457911840667612 0.0 0.0
6 5006 5000 1 1 0.9951939581187779 0.37919262410094406 0.5321428571428571 0.05255070750853824 0.36187888685719477 0.12483658710359559 0.0 0.0
7 5007 5000 1 1 0.9791965566714491 0.35756543563544463 0.5321428571428571 0.05255070750853824 0.3364499148445712 0.12483658710359559 0.0 0.0
8 5008 5000 1 1 0.9791965566714491 0.31310365716430577 0.5321428571428571 0.05255070750853824 0.3201712148974605 0.12483658710359559 0.0 0.0
9 5009 5000 1 1 0.9791965566714491 0.29183692183989796 0.5321428571428571 0.05255070750853824 0.31699957944059065 0.12483658710359559 0.0 0.0
10 5010 5000 1 1 0.9505021520803444 0.2904022016103427 0.5321428571428571 0.05255070750853824 0.31393551223136756 0.12483658710359559 0.0 0.0
11 5011 5000 1 1 0.9505021520803444 0.28968129532815934 0.5321428571428571 0.05255070750853824 0.31430256538368695 0.12483658710359559 0.0 0.0
12 5012 5000 1 1 0.9505021520803444 0.28951608799295364 0.5321428571428571 0.05255070750853824 0.3142201400064895 0.12483658710359559 0.0 0.0
13 5013 5000 1 1 0.9505021520803444 0.2891936806850547 0.5321428571428571 0.05255070750853824 0.3137742380760955 0.12483658710359559 0.0 0.0
14 5014 5000 1 1 0.9505021520803444 0.2889954318828079 0.5321428571428571 0.05255070750853824 0.3136771369120815 0.12483658710359559 0.0 0.0
15 5015 5000 1 1 0.9505021520803444 0.2887563563083624 0.5321428571428571 0.05255070750853824 0.3137296661813542 0.12483658710359559 0.0 0.0
16 5016 5000 1 1 0.9505021520803444 0.2882103344674888 0.5321428571428571 0.05255070750853824 0.31422185961493826 0.12483658710359559 0.0 0.0
17 5017 5000 1 1 0.9505021520803444 0.2879845408694014 0.5321428571428571 0.05255070750853824 0.31427416545551945 0.12483658710359559 0.0 0.0
18 5018 5000 1 1 0.9505021520803444 0.2874363811199887 0.5321428571428571 0.05255070750853824 0.3136348455669295 0.12483658710359559 0.0 0.0
19 5019 5000 1 1 0.9505021520803444 0.2870773778915621 0.5321428571428571 0.051995301435325596 0.31393621804269145 0.12496251302974432 0.0 0.0
20 5020 5000 1 1 0.9505021520803444 0.2685210461702653 0.5321428571428571 0.051995301435325596 0.2983564288766739 0.12496251302974432 0.0 0.0
21 5021 5000 1 1 0.9450961989676209 0.24197872192349346 0.5321428571428571 0.051995301435325596 0.25729212175572286 0.12496251302974432 0.0 0.0
22 5022 5000 1 1 0.9450961989676209 0.22618490067783018 0.5321428571428571 0.051995301435325596 0.2542818101110163 0.12496251302974432 0.0 0.0
23 5023 5000 1 1 0.9450961989676209 0.21631584618139263 0.5321428571428571 0.051995301435325596 0.25899486135004657 0.12496251302974432 0.0 0.0
24 5024 5000 1 1 0.6483946750195771 0.16906103623301158 0.5321428571428571 0.051995301435325596 0.20156613871771684 0.12496251302974432 0.0 0.0
25 5025 5000 1 1 0.6483946750195771 0.15231817909015447 0.5321428571428571 0.051995301435325596 0.18107357924065404 0.12496251302974432 0.0 0.0
26 5026 5000 1 1 0.6483946750195771 0.14772261527025804 0.5321428571428571 0.051995301435325596 0.18063991076359012 0.12496251302974432 0.0 0.0
27 5027 5000 1 1 0.6483946750195771 0.12759370715982843 0.375 0.04003706188741122 0.17076071793854283 0.0890037529663937 0.0 0.0
28 5028 5000 1 1 0.6483946750195771 0.11803553009466775 0.15714285714285714 0.014221656790812678 0.1725804242982141 0.037934378302138944 0.0 0.0
29 5029 5000 1 1 0.6483946750195771 0.10057180091680636 0.15714285714285714 0.014221656790812678 0.16583746663549023 0.037934378302138944 0.0 0.0
30 5030 5000 1 1 0.36088888888888887 0.06815206716582752 0.15714285714285714 0.014221656790812678 0.10932184361354533 0.037934378302138944 0.0 0.0
31 5031 5000 1 1 0.36088888888888887 0.0649800863298784 0.15714285714285714 0.014221656790812678 0.10854698159420792 0.037934378302138944 0.0 0.0
32 5032 5000 1 1 0.36088888888888887 0.06192294347273554 0.15714285714285714 0.014221656790812678 0.10650871261783156 0.037934378302138944 0.0 0.0
33 5033 5000 1 1 0.3317422434367542 0.05761183236162443 0.15714285714285714 0.014221656790812678 0.09549598392857976 0.037934378302138944 0.0 0.0
34 5034 5000 1 1 0.3317422434367542 0.051555251142339 0.15714285714285714 0.014221656790812678 0.0951158174694715 0.037934378302138944 0.0 0.0
35 5035 5000 1 1 0.3317422434367542 0.04209865908285389 0.0 0.0 0.09595286024612265 0.0 0.0 0.0
36 5036 5000 1 1 0.27466666666666667 0.025511546911016182 0.0 0.0 0.06946771664716483 0.0 0.0 0.0
37 5037 5000 1 1 0.27466666666666667 0.016806189768159042 0.0 0.0 0.060650554884077605 0.0 0.0 0.0
38 5038 5000 1 1 0.27466666666666667 0.013733333333333334 0.0 0.0 0.0598622121579586 0.0 0.0 0.0
39 5039 5000 1 1 0.0 0.0 0.0 0.0 0.0 0.0 0.0 0.0
82
