0 0 5000 0 1 0.10304449648711944 0.005152224824355972 0.0 0.0 0.02245802734376927 0.0 0.9968702373269366 0.16666666666666666
1 1 5000 0 1 0.2437043054427295 0.017337440096492445 0.0 0.0 0.056567755906354406 0.0 0.9973776211455913 0.16666666666666666
2 2 5000 0 1 0.27069112627986347 0.03087199641048562 0.0 0.0 0.07881054477253897 0.0 0.9975527573835755 0.2
3 3 5000 0 1 0.2761130136986301 0.044677647095417126 0.0 0.0 0.09476291361296237 0.0 0.9969417647643720 0.16666666666666666
4 4 5000 0 1 0.6165718927701056 0.06332102646178593 0.0 0.0 0.15167400923482433 0.0 0.9973776211455913 0.16666666666666666
5 5 5000 0 1 0.6165718927701056 0.07577161934716142 0.0 0.0 0.15612035240479027 0.0 0.9967173401520777 0.16666666666666666
6 6 5000 0 1 0.6485445205479452 0.09439319468962717 0.0 0.0 0.19601889569560477 0.0 0.9969417647643720 0.16666666666666666
7 7 5000 0 1 0.6485445205479452 0.0990770354390417 0.0 0.0 0.19728476633705191 0.0 0.9968702373269366 0.2
8 8 5000 0 1 0.6485445205479452 0.12015431881140703 0.0 0.0 0.2268881151424683 0.0 0.9968702373269366 0.16666666666666666
9 9 5000 0 1 0.9310787671232876 0.13428103114017415 0.0 0.0 0.264950496452865 0.0 0.9969417647643720 0.2
10 10 5000 0 1 0.9310787671232876 0.13477186883650924 0.0 0.0 0.26471026179180446 0.0 0.9975773228404410 0.16666666666666666
11 11 5000 0 1 0.9310787671232876 0.13582792082676107 0.0 0.0 0.2666651910477983 0.0 0.9973776211455913 0.2
12 12 5000 0 1 0.9310787671232876 0.13647779897460835 0.0 0.0 0.26790044945035363 0.0 0.9973776211455913 0.2
13 13 5000 0 1 0.9310787671232876 0.1367879726718788 0.0 0.0 0.26774580317051094 0.0 0.9972325842162125 0.2
14 14 5000 0 1 0.9413527397260274 0.13730167130201582 0.0 0.0 0.2692747317162747 0.0 0.9969417647643720 0.16666666666666666
15 15 5000 0 1 0.9413527397260274 0.1381157244296936 0.0 0.0 0.2688827447017622 0.0 0.9963377446214320 0.16666666666666666
16 16 5000 0 1 0.9413527397260274 0.13925301118842634 0.0 0.0 0.27108742944054726 0.0 0.9973776211455913 0.2
17 17 5000 0 1 0.9413527397260274 0.1394663217686311 0.0 0.0 0.27119242837611623 0.0 0.9975527573835755 0.16666666666666666
18 18 5000 0 1 0.9413527397260274 0.1399616597639691 0.0 0.0 0.2709461738185534 0.0 0.9963017983608390 0.16666666666666666
19 19 5000 0 1 0.9413527397260274 0.14024081609151254 0.0 0.0 0.2708110611771586 0.0 0.9972325842162125 0.2
20 20 5000 0 1 0.9413527397260274 0.15398151088059442 0.0 0.0 0.2709166987961724 0.0 0.9972325842162125 0.2
21 21 5000 0 1 0.9413527397260274 0.1609983176032835 0.0 0.0 0.2686455222784671 0.0 0.9961942595820852 0.2
22 22 5000 0 1 0.9870024370430545 0.1912843826540937 0.3225806451612903 0.027172907665555357 0.3029880567388629 0.08193411138881704 0.9934100672127744 0.4
23 23 5000 0 1 0.9870024370430545 0.24656794002857468 0.9539951573849879 0.10535887185629896 0.3698743017602579 0.23875629566405168 0.9899519267689037 0.5
24 24 5000 0 1 0.9870024370430545 0.2937888547793529 0.9539951573849879 0.1461987231558615 0.3885964691575577 0.26925515796311217 0.9918990262628153 0.3333333333333333
25 25 5000 0 1 0.9870024370430545 0.312897680829053 0.9539951573849879 0.1461987231558615 0.38384803895619785 0.26925515796311217 0.9963377446214320 0.2
26 26 5000 0 1 0.9870024370430545 0.3299146573852373 0.9539951573849879 0.1461987231558615 0.37708373651401983 0.26925515796311217 0.9963541965659186 0.2
27 27 5000 0 1 0.9870024370430545 0.36285510403536136 0.9539951573849879 0.1461987231558615 0.3999436912888578 0.26925515796311217 0.9972325842162125 0.16666666666666666
28 28 5000 0 1 0.9870024370430545 0.37456839074864806 0.9539951573849879 0.1461987231558615 0.3928019940493767 0.26925515796311217 0.9963017983608390 0.2
29 29 5000 0 1 0.9870024370430545 0.3841560870837266 0.9539951573849879 0.1461987231558615 0.3860643795603048 0.26925515796311217 0.9975773228404410 0.2
30 30 5000 0 1 0.9940068493150684 0.3889645604812674 0.9539951573849879 0.14942887029922583 0.3910158862351013 0.2695249638523654 0.9926958631493090 0.4
31 31 5000 0 1 0.9940068493150684 0.39662212350647746 0.9539951573849879 0.14942887029922583 0.3875561569142069 0.2695249638523654 0.9961942595820852 0.16666666666666666
32 32 5000 0 1 0.9940068493150684 0.401472568130568 0.9539951573849879 0.14942887029922583 0.38742843599144783 0.2695249638523654 0.9963541965659186 0.2
33 33 5000 0 1 0.9940068493150684 0.41379259430857845 0.9539951573849879 0.14942887029922583 0.3847844564118538 0.2695249638523654 0.9975773228404410 0.16666666666666666
34 34 5000 0 1 0.9940068493150684 0.43010221435708285 0.9539951573849879 0.14942887029922583 0.3922773528564849 0.2695249638523654 0.9963541965659186 0.16666666666666666
35 35 5000 0 1 0.9940068493150684 0.4432318340744989 0.9539951573849879 0.15580670055324766 0.40458371589452957 0.27112639387311793 0.9924108763644083 0.3333333333333333
36 36 5000 0 1 0.9940068493150684 0.4533788928980284 0.9539951573849879 0.15580670055324766 0.40324353082870057 0.27112639387311793 0.9961942595820852 0.16666666666666666
37 37 5000 0 1 0.9940068493150684 0.46233520357764013 0.9539951573849879 0.15580670055324766 0.3949787782061914 0.27112639387311793 0.9961864770265735 0.2
38 38 5000 0 1 0.9940068493150684 0.46768533446769245 0.9539951573849879 0.15580670055324766 0.3954723641290951 0.27112639387311793 0.9975773228404410 0.2
39 39 5000 0 1 0.9940068493150684 0.4982189313056371 0.9539951573849879 0.15580670055324766 0.40094678626239444 0.27112639387311793 0.9967173401520777 0.16666666666666666
0 5000 5000 1 1 0.9940068493150684 0.4930667064812811 0.9539951573849879 0.15580670055324766 0.39653803375007446 0.27112639387311793 0.0 0.0
1 5001 5000 1 1 0.9940068493150684 0.4808814912091446 0.9539951573849879 0.15580670055324766 0.38474159607290015 0.27112639387311793 0.0 0.0
2 5002 5000 1 1 0.9940068493150684 0.4673469348951514 0.9539951573849879 0.15580670055324766 0.38337456320821384 0.27112639387311793 0.0 0.0
3 5003 5000 1 1 0.9792605951307484 0.4535412842102199 0.9539951573849879 0.15580670055324766 0.36885717279790947 0.27112639387311793 0.0 0.0
4 5004 5000 1 1 0.9792605951307484 0.4348979048438511 0.9539951573849879 0.15580670055324766 0.36311906663578253 0.27112639387311793 0.0 0.0
5 5005 5000 1 1 0.9792605951307484 0.4224473119584756 0.9539951573849879 0.15580670055324766 0.352452992901049 0.27112639387311793 0.0 0.0
6 5006 5000 1 1 0.9792605951307484 0.40382573661600984 0.9539951573849879 0.15580670055324766 0.3461332851683606 0.27112639387311793 0.0 0.0
7 5007 5000 1 1 0.9792605951307484 0.3991418958665954 0.9539951573849879 0.15580670055324766 0.3415425685308031 0.27112639387311793 0.0 0.0
8 5008 5000 1 1 0.9792605951307484 0.37806461249423 0.9539951573849879 0.15580670055324766 0.3358000587327475 0.27112639387311793 0.0 0.0
9 5009 5000 1 1 0.9792605951307484 0.3639379001654629 0.9539951573849879 0.15580670055324766 0.3427455639903151 0.27112639387311793 0.0 0.0
10 5010 5000 1 1 0.9792605951307484 0.36344706246912784 0.9539951573849879 0.15580670055324766 0.34247855974163854 0.27112639387311793 0.0 0.0
11 5011 5000 1 1 0.9792605951307484 0.362391010478876 0.9539951573849879 0.15580670055324766 0.3424879614136936 0.27112639387311793 0.0 0.0
12 5012 5000 1 1 0.9792605951307484 0.36174113233102867 0.9539951573849879 0.15580670055324766 0.3425244968956768 0.27112639387311793 0.0 0.0
13 5013 5000 1 1 0.9792605951307484 0.3614309586337582 0.9539951573849879 0.15580670055324766 0.34199821902032607 0.27112639387311793 0.0 0.0
14 5014 5000 1 1 0.9792605951307484 0.36091726000362123 0.9539951573849879 0.15580670055324766 0.34245361246435235 0.27112639387311793 0.0 0.0
15 5015 5000 1 1 0.9792605951307484 0.36010320687594344 0.9539951573849879 0.15580670055324766 0.3423827507654172 0.27112639387311793 0.0 0.0
16 5016 5000 1 1 0.9792605951307484 0.35896592011721074 0.9539951573849879 0.15580670055324766 0.3424976467161492 0.27112639387311793 0.0 0.0
17 5017 5000 1 1 0.9792605951307484 0.358752609537006 0.9539951573849879 0.15580670055324766 0.342487328263859 0.27112639387311793 0.0 0.0
18 5018 5000 1 1 0.9792605951307484 0.358257271541668 0.9539951573849879 0.15580670055324766 0.3426598074263741 0.27112639387311793 0.0 0.0
19 5019 5000 1 1 0.9792605951307484 0.3579781152141246 0.9539951573849879 0.15580670055324766 0.3421883593289094 0.27112639387311793 0.0 0.0
20 5020 5000 1 1 0.9792605951307484 0.3442374204250427 0.9539951573849879 0.15580670055324766 0.323821994003543 0.27112639387311793 0.0 0.0
21 5021 5000 1 1 0.9792605951307484 0.33722061370235357 0.9539951573849879 0.15580670055324766 0.3219633022139757 0.27112639387311793 0.0 0.0
22 5022 5000 1 1 0.9672594987873888 0.3069345486515434 0.7602905569007264 0.1286337928876923 0.3064494046548069 0.24142232439742034 0.0 0.0
23 5023 5000 1 1 0.9672594987873888 0.2516509912770624 0.6101083032490975 0.0504478286969487 0.30512031036032905 0.14270322582112765 0.0 0.0
24 5024 5000 1 1 0.9672594987873888 0.20443007652628423 0.07163886162904809 0.00960797739738616 0.2808012462401288 0.02296484452679627 0.0 0.0
25 5025 5000 1 1 0.9672594987873888 0.18532125047658413 0.07163886162904809 0.00960797739738616 0.281058864902698 0.02296484452679627 0.0 0.0
26 5026 5000 1 1 0.6588089330024814 0.16830427392039982 0.07163886162904809 0.00960797739738616 0.24059012488416112 0.02296484452679627 0.0 0.0
27 5027 5000 1 1 0.6269199676637025 0.13536382727027574 0.07163886162904809 0.00960797739738616 0.21490721385797829 0.02296484452679627 0.0 0.0
28 5028 5000 1 1 0.6269199676637025 0.12365054055698903 0.07163886162904809 0.00960797739738616 0.2155806076827577 0.02296484452679627 0.0 0.0
29 5029 5000 1 1 0.6269199676637025 0.11406284422191051 0.07163886162904809 0.00960797739738616 0.20034719795936287 0.02296484452679627 0.0 0.0
30 5030 5000 1 1 0.6269199676637025 0.1092543708243697 0.07112970711297072 0.006377830254021857 0.2018002017626581 0.018906260111581454 0.0 0.0
31 5031 5000 1 1 0.6269199676637025 0.10159680779915961 0.07112970711297072 0.006377830254021857 0.1950822710871752 0.018906260111581454 0.0 0.0
32 5032 5000 1 1 0.6106719367588933 0.09674636317506907 0.07112970711297072 0.006377830254021857 0.18277855494328557 0.018906260111581454 0.0 0.0
33 5033 5000 1 1 0.6106719367588933 0.08442633699705861 0.07112970711297072 0.006377830254021857 0.17311222241838017 0.018906260111581454 0.0 0.0
34 5034 5000 1 1 0.6106719367588933 0.06811671694855416 0.07112970711297072 0.006377830254021857 0.14314516524364884 0.018906260111581454 0.0 0.0
35 5035 5000 1 1 0.6106719367588933 0.05498709723113808 0.0 0.0 0.14092009771962247 0.0 0.0 0.0
36 5036 5000 1 1 0.6106719367588933 0.044840038407608675 0.0 0.0 0.1371574631708221 0.0 0.0 0.0
37 5037 5000 1 1 0.6106719367588933 0.03588372772799702 0.0 0.0 0.1339061119307095 0.0 0.0 0.0
38 5038 5000 1 1 0.6106719367588933 0.030533596837944665 0.0 0.0 0.1330928629994138 0.0 0.0 0.0
39 5039 5000 1 1 0.0 0.0 0.0 0.0 0.0 0.0 0.0 0.0
93
