0 0 5000 0 1 0.12295812295812296 0.006147906147906148 0.0 0.0 0.026798101613095312 0.0 0.9970955561558513 0.16666666666666666
1 1 5000 0 1 0.1838074398249453 0.015338278139153413 0.0 0.0 0.04700990289870057 0.0 0.9974521517487761 0.2
2 2 5000 0 1 0.1838074398249453 0.01970853930174819 0.0 0.0 0.04938371065438906 0.0 0.9973301853179731 0.16666666666666666
3 3 5000 0 1 0.5054704595185996 0.03579169028643091 0.0 0.0 0.11239169378291416 0.0 0.9974521517487761 0.16666666666666666
4 4 5000 0 1 0.5054704595185996 0.057660849164935565 0.0 0.0 0.14196255351181974 0.0 0.9975945590292175 0.2
5 5 5000 0 1 0.5054704595185996 0.06273955424364067 0.0 0.0 0.14596811107884908 0.0 0.9970955561558513 0.16666666666666666
6 6 5000 0 1 0.5054704595185996 0.06640425517034663 0.0 0.0 0.14745387304792568 0.0 0.9973301853179731 0.2
7 7 5000 0 1 0.5054704595185996 0.07446939296182861 0.0 0.0 0.14801151389459827 0.0 0.9968279357402642 0.2
8 8 5000 0 1 0.5054704595185996 0.07650315608824096 0.0 0.0 0.14725179011169756 0.0 0.9976464545577414 0.2
9 9 5000 0 1 0.5054704595185996 0.08343556510037267 0.0 0.0 0.14674976985730628 0.0 0.9967134423436266 0.2
10 10 5000 0 1 0.5054704595185996 0.08386070934574165 0.0 0.0 0.1465195715848478 0.0 0.9973502100148896 0.16666666666666666
11 11 5000 0 1 0.5054704595185996 0.08437695592940395 0.0 0.0 0.14627112537591966 0.0 0.9973502100148896 0.16666666666666666
12 12 5000 0 1 0.5054704595185996 0.08456003552084738 0.0 0.0 0.14636955302033153 0.0 0.9968279357402642 0.16666666666666666
13 13 5000 0 1 0.5142231947483589 0.08499767228233535 0.0 0.0 0.14763501208658653 0.0 0.9974521517487761 0.16666666666666666
14 14 5000 0 1 0.5142231947483589 0.0851560724407355 0.0 0.0 0.1477862581763181 0.0 0.9970955561558513 0.16666666666666666
15 15 5000 0 1 0.5142231947483589 0.08533022778730465 0.0 0.0 0.14768782484264104 0.0 0.9967317116251148 0.16666666666666666
16 16 5000 0 1 0.5142231947483589 0.08596936249723582 0.0 0.0 0.14734442628193153 0.0 0.9970013252972262 0.2
17 17 5000 0 1 0.5142231947483589 0.08634672098780186 0.0 0.0 0.1471332831408157 0.0 0.9977262513773756 0.16666666666666666
18 18 5000 0 1 0.5142231947483589 0.08645202848569569 0.0 0.0 0.14718720551516462 0.0 0.9973301853179731 0.16666666666666666
19 19 5000 0 1 0.5142231947483589 0.08668423561445454 0.0 0.0 0.14705973616229862 0.0 0.9967317116251148 0.16666666666666666
20 20 5000 0 1 0.9507658643326039 0.10955040307288613 0.14893617021276595 0.007838745800671893 0.22243168868024307 0.033256981869916005 0.9941476254990113 0.16666666666666666
21 21 5000 0 1 0.9507658643326039 0.1238231027388442 0.14893617021276595 0.007838745800671893 0.2252923274961596 0.033256981869916005 0.9973502100148896 0.2
22 22 5000 0 1 0.9507658643326039 0.13037482687677526 0.14893617021276595 0.007838745800671893 0.22349429500761997 0.033256981869916005 0.9966742642673194 0.16666666666666666
23 23 5000 0 1 0.9996963255390222 0.165145552658737 0.14893617021276595 0.007838745800671893 0.2915724746853844 0.033256981869916005 0.9973502100148896 0.16666666666666666
24 24 5000 0 1 0.9996963255390222 0.16756762511029555 0.14893617021276595 0.007838745800671893 0.29191659562781697 0.033256981869916005 0.9973301853179731 0.2
25 25 5000 0 1 0.9996963255390222 0.1741388129788718 0.14893617021276595 0.007838745800671893 0.29475902811679 0.033256981869916005 0.9973301853179731 0.16666666666666666
26 26 5000 0 1 0.9996963255390222 0.18382275978943258 0.14893617021276595 0.007838745800671893 0.2974676323211734 0.033256981869916005 0.9968279357402642 0.16666666666666666
27 27 5000 0 1 0.9996963255390222 0.18691584130802963 0.14893617021276595 0.007838745800671893 0.29958343821931516 0.033256981869916005 0.9968279357402642 0.2
28 28 5000 0 1 0.9996963255390222 0.23376933196683006 0.14893617021276595 0.007838745800671893 0.3393265198061031 0.033256981869916005 0.9970013252972262 0.16666666666666666
29 29 5000 0 1 0.9996963255390222 0.24203682088569684 0.14893617021276595 0.007838745800671893 0.345729419988523 0.033256981869916005 0.9968279357402642 0.16666666666666666
30 30 5000 0 1 0.9996963255390222 0.24742031151443541 0.14893617021276595 0.007838745800671893 0.3433823425519054 0.033256981869916005 0.9976464545577414 0.16666666666666666
31 31 5000 0 1 0.9996963255390222 0.25732685357051016 0.14893617021276595 0.007838745800671893 0.35148234003210826 0.033256981869916005 0.9975945590292175 0.2
32 32 5000 0 1 0.9996963255390222 0.26535010938446363 0.14893617021276595 0.007838745800671893 0.34732364884891054 0.033256981869916005 0.9966411812647848 0.2
33 33 5000 0 1 0.9996963255390222 0.26975243983858316 0.16489361702127658 0.010992087419858977 0.3558334073715074 0.03757542940438501 0.9903410508543862 0.2
34 34 5000 0 1 0.9996963255390222 0.2732646772639059 0.16489361702127658 0.010992087419858977 0.35926626135696427 0.03757542940438501 0.9968279357402642 0.16666666666666666
35 35 5000 0 1 0.9996963255390222 0.2769177809170096 0.16489361702127658 0.010992087419858977 0.3591558177098224 0.03757542940438501 0.9970955561558513 0.16666666666666666
36 36 5000 0 1 0.9996963255390222 0.2810460850453137 0.16489361702127658 0.010992087419858977 0.3598799678486987 0.03757542940438501 0.9970955561558513 0.16666666666666666
37 37 5000 0 1 0.9996963255390222 0.28190960652804326 0.16489361702127658 0.010992087419858977 0.3601059009295658 0.03757542940438501 0.9973301853179731 0.2
38 38 5000 0 1 0.9996963255390222 0.28507462005374207 0.16489361702127658 0.010992087419858977 0.3578855869557506 0.03757542940438501 0.9966287496858695 0.2
39 39 5000 0 1 0.9996963255390222 0.2899161386883642 0.16489361702127658 0.010992087419858977 0.3547474698868662 0.03757542940438501 0.9967317116251148 0.16666666666666666
0 5000 5000 1 1 0.9996963255390222 0.283768232540458 0.16489361702127658 0.010992087419858977 0.35414026347617505 0.03757542940438501 0.0 0.0
1 5001 5000 1 1 0.9996963255390222 0.27457786054921074 0.16489361702127658 0.010992087419858977 0.3374691313429233 0.03757542940438501 0.0 0.0
2 5002 5000 1 1 0.9996963255390222 0.270207599386616 0.16489361702127658 0.010992087419858977 0.3365846867730512 0.03757542940438501 0.0 0.0
3 5003 5000 1 1 0.9996963255390222 0.25412444840193327 0.16489361702127658 0.010992087419858977 0.31732382632387024 0.03757542940438501 0.0 0.0
4 5004 5000 1 1 0.9996963255390222 0.2322552895234286 0.16489361702127658 0.010992087419858977 0.3051229500206366 0.03757542940438501 0.0 0.0
5 5005 5000 1 1 0.9996963255390222 0.22717658444472355 0.16489361702127658 0.010992087419858977 0.305457871070781 0.03757542940438501 0.0 0.0
6 5006 5000 1 1 0.9996963255390222 0.22351188351801757 0.16489361702127658 0.010992087419858977 0.3050388059370525 0.03757542940438501 0.0 0.0
7 5007 5000 1 1 0.9996963255390222 0.21544674572653558 0.16489361702127658 0.010992087419858977 0.29547723958682454 0.03757542940438501 0.0 0.0
8 5008 5000 1 1 0.9996963255390222 0.21341298260012326 0.16489361702127658 0.010992087419858977 0.2960714855864238 0.03757542940438501 0.0 0.0
9 5009 5000 1 1 0.9996963255390222 0.2064805735879915 0.16489361702127658 0.010992087419858977 0.2993460080845856 0.03757542940438501 0.0 0.0
10 5010 5000 1 1 0.9911934406316428 0.20605542934262253 0.16489361702127658 0.010992087419858977 0.2982230784774693 0.03757542940438501 0.0 0.0
11 5011 5000 1 1 0.9867256637168141 0.20553918275896024 0.16489361702127658 0.010992087419858977 0.2968693628596319 0.03757542940438501 0.0 0.0
12 5012 5000 1 1 0.9867256637168141 0.2053561031675168 0.16489361702127658 0.010992087419858977 0.29669199712582456 0.03757542940438501 0.0 0.0
13 5013 5000 1 1 0.9867256637168141 0.20491846640602884 0.16489361702127658 0.010992087419858977 0.2962737091652905 0.03757542940438501 0.0 0.0
14 5014 5000 1 1 0.9867256637168141 0.20476006624762869 0.16489361702127658 0.010992087419858977 0.29629917149026075 0.03757542940438501 0.0 0.0
15 5015 5000 1 1 0.9867256637168141 0.20458591090105954 0.16489361702127658 0.010992087419858977 0.2963587986814099 0.03757542940438501 0.0 0.0
16 5016 5000 1 1 0.9808685089583966 0.20394677619112836 0.16489361702127658 0.010992087419858977 0.294680358351514 0.03757542940438501 0.0 0.0
17 5017 5000 1 1 0.9808685089583966 0.20356941770056233 0.16489361702127658 0.010992087419858977 0.29493634110664774 0.03757542940438501 0.0 0.0
18 5018 5000 1 1 0.9808685089583966 0.2034641102026685 0.16489361702127658 0.010992087419858977 0.2949295452357671 0.03757542940438501 0.0 0.0
19 5019 5000 1 1 0.9808685089583966 0.20323190307390965 0.16489361702127658 0.010992087419858977 0.2950115702101275 0.03757542940438501 0.0 0.0
20 5020 5000 1 1 0.9808685089583966 0.18036573561547806 0.04395604395604396 0.003153341619187084 0.2894104841586425 0.010254257664972925 0.0 0.0
21 5021 5000 1 1 0.9739429695181907 0.16609303594951996 0.04395604395604396 0.003153341619187084 0.2545157090807914 0.010254257664972925 0.0 0.0
22 5022 5000 1 1 0.9739429695181907 0.15954131181158893 0.04395604395604396 0.003153341619187084 0.2570081920905887 0.010254257664972925 0.0 0.0
23 5023 5000 1 1 0.9739429695181907 0.1247705860296272 0.04395604395604396 0.003153341619187084 0.2275057678608862 0.010254257664972925 0.0 0.0
24 5024 5000 1 1 0.9739429695181907 0.12234851357806864 0.04395604395604396 0.003153341619187084 0.22694150269061697 0.010254257664972925 0.0 0.0
25 5025 5000 1 1 0.9739429695181907 0.11577732570949242 0.04395604395604396 0.003153341619187084 0.22788061547677163 0.010254257664972925 0.0 0.0
26 5026 5000 1 1 0.9739429695181907 0.1060933788989316 0.04395604395604396 0.003153341619187084 0.21550286143123437 0.010254257664972925 0.0 0.0
27 5027 5000 1 1 0.9739429695181907 0.10300029738033459 0.04395604395604396 0.003153341619187084 0.21316532985271605 0.010254257664972925 0.0 0.0
28 5028 5000 1 1 0.23559452688379265 0.056146806721534194 0.04395604395604396 0.003153341619187084 0.07440289843726158 0.010254257664972925 0.0 0.0
29 5029 5000 1 1 0.19813084112149532 0.047879317802667354 0.04395604395604396 0.003153341619187084 0.06218764593871373 0.010254257664972925 0.0 0.0
30 5030 5000 1 1 0.19813084112149532 0.042495827173928816 0.04395604395604396 0.003153341619187084 0.061434498666928974 0.010254257664972925 0.0 0.0
31 5031 5000 1 1 0.16046511627906976 0.03258928511785405 0.04395604395604396 0.003153341619187084 0.050549381192898694 0.010254257664972925 0.0 0.0
32 5032 5000 1 1 0.15562815562815563 0.02456602930390056 0.04395604395604396 0.003153341619187084 0.04154947617714204 0.010254257664972925 0.0 0.0
33 5033 5000 1 1 0.15562815562815563 0.020163698849781062 0.0 0.0 0.04165589127255434 0.0 0.0 0.0
34 5034 5000 1 1 0.15562815562815563 0.016651461424458263 0.0 0.0 0.04022189238224063 0.0 0.0 0.0
35 5035 5000 1 1 0.09683037269244166 0.01299835777135461 0.0 0.0 0.029256900859985505 0.0 0.0 0.0
36 5036 5000 1 1 0.09683037269244166 0.008870053643050482 0.0 0.0 0.02460462967689424 0.0 0.0 0.0
37 5037 5000 1 1 0.09683037269244166 0.008006532160320911 0.0 0.0 0.024597717554902008 0.0 0.0 0.0
38 5038 5000 1 1 0.09683037269244166 0.004841518634622083 0.0 0.0 0.021103690461586666 0.0 0.0 0.0
39 5039 5000 1 1 0.0 0.0 0.0 0.0 0.0 0.0 0.0 0.0
77
