0 0 5000 0 1 0.26006191950464397 0.013003095975232198 0.0 0.0 0.05667918130919762 0.0 0.9972140335024238 0.16666666666666666
1 1 5000 0 1 0.26006191950464397 0.013806374663756787 0.0 0.0 0.05660299683316005 0.0 0.9974894437143312 0.2
2 2 5000 0 1 0.26006191950464397 0.025806374663756786 0.0 0.0 0.07489022805790194 0.0 0.9973332935148547 0.2
3 3 5000 0 1 0.26006191950464397 0.029044079581789572 0.0 0.0 0.07579341996663022 0.0 0.9974894437143312 0.16666666666666666
4 4 5000 0 1 0.26006191950464397 0.031994899253920725 0.0 0.0 0.07883934793179767 0.0 0.9974894437143312 0.2
5 5 5000 0 1 0.3738132911392405 0.05068556381088274 0.0 0.0 0.10796809164456898 0.0 0.9968904083245585 0.2
6 6 5000 0 1 0.3738132911392405 0.06916313803703562 0.0 0.0 0.12755787123783016 0.0 0.9976969721570101 0.16666666666666666
7 7 5000 0 1 0.3738132911392405 0.07348782200243816 0.0 0.0 0.12660232234523608 0.0 0.9966523604626177 0.2
8 8 5000 0 1 0.5728191688506178 0.10212878044496905 0.0 0.0 0.16554277459565558 0.0 0.9977013300675962 0.2
9 9 5000 0 1 0.7440664556962026 0.12064143867281711 0.0 0.0 0.20970280633304733 0.0 0.9968904083245585 0.2
10 10 5000 0 1 0.7440664556962026 0.12113197826637004 0.0 0.0 0.20943132557508 0.0 0.9974812879766222 0.16666666666666666
11 11 5000 0 1 0.7440664556962026 0.12166893341482236 0.0 0.0 0.21008031438869687 0.0 0.9976969721570101 0.16666666666666666
12 12 5000 0 1 0.7440664556962026 0.12226458863556518 0.0 0.0 0.20977898374090148 0.0 0.9974812879766222 0.16666666666666666
13 13 5000 0 1 0.7440664556962026 0.1223410913678056 0.0 0.0 0.20978565668807944 0.0 0.9974894437143312 0.2
14 14 5000 0 1 0.7440664556962026 0.1229367465885484 0.0 0.0 0.20951586272798686 0.0 0.9974812879766222 0.2
15 15 5000 0 1 0.7440664556962026 0.1234983340089902 0.0 0.0 0.21073249768575872 0.0 0.9977013300675962 0.16666666666666666
16 16 5000 0 1 0.7440664556962026 0.12379101693581947 0.0 0.0 0.21056476788813275 0.0 0.9971162614063718 0.2
17 17 5000 0 1 0.7440664556962026 0.12446492184034959 0.0 0.0 0.21205304311125356 0.0 0.9977013300675962 0.16666666666666666
18 18 5000 0 1 0.7511867088607594 0.12482093449857745 0.0 0.0 0.2130963942121191 0.0 0.9968904083245585 0.2
19 19 5000 0 1 0.7511867088607594 0.12531147409213036 0.0 0.0 0.2128971266112425 0.0 0.9974812879766222 0.16666666666666666
20 20 5000 0 1 0.7511867088607594 0.12797267627792272 0.0 0.0 0.21341319964437705 0.0 0.9974894437143312 0.2
21 21 5000 0 1 0.7511867088607594 0.15399899206739642 0.0 0.0 0.22749481833632795 0.0 0.9970262686392633 0.16666666666666666
22 22 5000 0 1 0.7511867088607594 0.17797460182349398 0.0 0.0 0.2357369516270042 0.0 0.9971162614063718 0.16666666666666666
23 23 5000 0 1 0.7511867088607594 0.18029154171420433 0.0 0.0 0.23611628677073807 0.0 0.9974894437143312 0.2
24 24 5000 0 1 0.7511867088607594 0.19007198083596083 0.0 0.0 0.23607967958137818 0.0 0.9966523604626177 0.2
25 25 5000 0 1 0.988780487804878 0.21524271254327793 0.0 0.0 0.2874663280550655 0.0 0.9971162614063718 0.16666666666666666
26 26 5000 0 1 0.988780487804878 0.24806810936867474 0.0 0.0 0.3236276443596681 0.0 0.9973332935148547 0.16666666666666666
27 27 5000 0 1 0.988780487804878 0.2826861892565514 0.0 0.0 0.3366564196536596 0.0 0.9974812879766222 0.16666666666666666
28 28 5000 0 1 0.988780487804878 0.31165862988845733 0.14766839378238342 0.007031828275351591 0.37777447915204465 0.031447292059582535 0.9941597608907775 0.3333333333333333
29 29 5000 0 1 0.988780487804878 0.3178116353529382 0.14766839378238342 0.007031828275351591 0.3775744788490621 0.031447292059582535 0.9974894437143312 0.16666666666666666
30 30 5000 0 1 0.988780487804878 0.3232530873435705 0.14766839378238342 0.011107638342602458 0.3846997936404142 0.03555075159564194 0.9935608029719307 0.3333333333333333
31 31 5000 0 1 0.988780487804878 0.32869733821465064 0.14766839378238342 0.011107638342602458 0.38083769102555487 0.03555075159564194 0.9970176393537887 0.16666666666666666
32 32 5000 0 1 0.988780487804878 0.35748990787409335 0.14766839378238342 0.011107638342602458 0.3960254992312156 0.03555075159564194 0.9972140335024238 0.16666666666666666
33 33 5000 0 1 0.988780487804878 0.36417729050617986 0.14766839378238342 0.016977238852784113 0.4044806936150753 0.038940319860079634 0.9927191172351592 0.4
34 34 5000 0 1 0.988780487804878 0.3649641757520815 0.14766839378238342 0.016977238852784113 0.404556096164326 0.038940319860079634 0.9974894437143312 0.2
35 35 5000 0 1 0.988780487804878 0.36764274718065293 0.14766839378238342 0.016977238852784113 0.40302618086529723 0.038940319860079634 0.9970176393537887 0.2
36 36 5000 0 1 0.988780487804878 0.3821199589768996 0.14766839378238342 0.016977238852784113 0.3946738174705348 0.038940319860079634 0.9977899295205436 0.16666666666666666
37 37 5000 0 1 0.988780487804878 0.388554275330787 0.14766839378238342 0.016977238852784113 0.39416076330737027 0.038940319860079634 0.9977899295205436 0.2
38 38 5000 0 1 0.9908899789768746 0.4010525755918707 0.21243523316062177 0.03184520217692106 0.391402246961714 0.05422737563222145 0.9862700950907984 0.3333333333333333
39 39 5000 0 1 0.9908899789768746 0.40211429418683 0.21243523316062177 0.03184520217692106 0.39034027034585717 0.05422737563222145 0.9966259556591919 0.2
0 5000 5000 1 1 0.9908899789768746 0.3891111982115978 0.21243523316062177 0.03184520217692106 0.37554727717661857 0.05422737563222145 0.0 0.0
1 5001 5000 1 1 0.9908899789768746 0.3883079195230732 0.21243523316062177 0.03184520217692106 0.37548232972550044 0.05422737563222145 0.0 0.0
2 5002 5000 1 1 0.9908899789768746 0.3763079195230732 0.21243523316062177 0.03184520217692106 0.3598180605129624 0.05422737563222145 0.0 0.0
3 5003 5000 1 1 0.9908899789768746 0.37307021460504036 0.21243523316062177 0.03184520217692106 0.35978231678123423 0.05422737563222145 0.0 0.0
4 5004 5000 1 1 0.9908899789768746 0.37011939493290924 0.21243523316062177 0.03184520217692106 0.3602316428931494 0.05422737563222145 0.0 0.0
5 5005 5000 1 1 0.9908899789768746 0.35142873037594724 0.21243523316062177 0.03184520217692106 0.34951324975605463 0.05422737563222145 0.0 0.0
6 5006 5000 1 1 0.9908899789768746 0.3329511561497943 0.21243523316062177 0.03184520217692106 0.35718330276914995 0.05422737563222145 0.0 0.0
7 5007 5000 1 1 0.9908899789768746 0.3286264721843918 0.21243523316062177 0.03184520217692106 0.3582946772984685 0.05422737563222145 0.0 0.0
8 5008 5000 1 1 0.9908899789768746 0.2999855137418609 0.21243523316062177 0.03184520217692106 0.32668901606979833 0.05422737563222145 0.0 0.0
9 5009 5000 1 1 0.9908899789768746 0.2814728555140128 0.21243523316062177 0.03184520217692106 0.33222289711054565 0.05422737563222145 0.0 0.0
10 5010 5000 1 1 0.988780487804878 0.2809823159204599 0.21243523316062177 0.03184520217692106 0.33118066209016844 0.05422737563222145 0.0 0.0
11 5011 5000 1 1 0.988780487804878 0.2804453607720076 0.21243523316062177 0.03184520217692106 0.331626787228259 0.05422737563222145 0.0 0.0
12 5012 5000 1 1 0.988780487804878 0.27984970555126476 0.21243523316062177 0.03184520217692106 0.33037614155998835 0.05422737563222145 0.0 0.0
13 5013 5000 1 1 0.988780487804878 0.27977320281902435 0.21243523316062177 0.03184520217692106 0.3303745921071392 0.05422737563222145 0.0 0.0
14 5014 5000 1 1 0.988780487804878 0.2791775475982815 0.21243523316062177 0.03184520217692106 0.329139531918576 0.05422737563222145 0.0 0.0
15 5015 5000 1 1 0.988780487804878 0.2786159601778398 0.21243523316062177 0.03184520217692106 0.3289324536254402 0.05422737563222145 0.0 0.0
16 5016 5000 1 1 0.9829268292682927 0.2783232772510105 0.21243523316062177 0.03184520217692106 0.3283024224487499 0.05422737563222145 0.0 0.0
17 5017 5000 1 1 0.9829268292682927 0.27764937234648035 0.21243523316062177 0.03184520217692106 0.32807678777837107 0.05422737563222145 0.0 0.0
18 5018 5000 1 1 0.9829268292682927 0.2772933596882525 0.21243523316062177 0.03184520217692106 0.3283738881456835 0.05422737563222145 0.0 0.0
19 5019 5000 1 1 0.9829268292682927 0.2768028200946996 0.21243523316062177 0.03184520217692106 0.32736354124857725 0.05422737563222145 0.0 0.0
20 5020 5000 1 1 0.9829268292682927 0.27414161790890723 0.21243523316062177 0.03184520217692106 0.32749639847357903 0.05422737563222145 0.0 0.0
21 5021 5000 1 1 0.9829268292682927 0.24811530211943356 0.21243523316062177 0.03184520217692106 0.3275651572826277 0.05422737563222145 0.0 0.0
22 5022 5000 1 1 0.9474421864050455 0.224139692363336 0.21243523316062177 0.03184520217692106 0.2880721972484385 0.05422737563222145 0.0 0.0
23 5023 5000 1 1 0.9474421864050455 0.2218227524726256 0.21243523316062177 0.03184520217692106 0.2881818572730365 0.05422737563222145 0.0 0.0
24 5024 5000 1 1 0.9474421864050455 0.2120423133508691 0.21243523316062177 0.03184520217692106 0.2921969095257386 0.05422737563222145 0.0 0.0
25 5025 5000 1 1 0.9474421864050455 0.18687158164355205 0.21243523316062177 0.03184520217692106 0.28766069225388335 0.05422737563222145 0.0 0.0
26 5026 5000 1 1 0.9474421864050455 0.1540461848181552 0.21243523316062177 0.03184520217692106 0.25838361096955764 0.05422737563222145 0.0 0.0
27 5027 5000 1 1 0.7012383900928792 0.11942810493027856 0.21243523316062177 0.03184520217692106 0.18601133227225358 0.05422737563222145 0.0 0.0
28 5028 5000 1 1 0.7012383900928792 0.09045566429837266 0.10570236439499305 0.024813373901569468 0.17414311661048779 0.037279810536041 0.0 0.0
29 5029 5000 1 1 0.7012383900928792 0.0843026588338918 0.10570236439499305 0.024813373901569468 0.1728213921983575 0.037279810536041 0.0 0.0
30 5030 5000 1 1 0.7012383900928792 0.07886120684325948 0.10570236439499305 0.0207375638343186 0.17397862338530662 0.03502262786270314 0.0 0.0
31 5031 5000 1 1 0.7012383900928792 0.07341695597217934 0.10570236439499305 0.0207375638343186 0.17297829913409846 0.03502262786270314 0.0 0.0
32 5032 5000 1 1 0.41823056300268097 0.044624386312736616 0.10570236439499305 0.0207375638343186 0.09756811212884081 0.03502262786270314 0.0 0.0
33 5033 5000 1 1 0.41823056300268097 0.03793700368065013 0.10570236439499305 0.014867963324136943 0.09620609941966077 0.03190979632462801 0.0 0.0
34 5034 5000 1 1 0.41823056300268097 0.03715011843474849 0.10570236439499305 0.014867963324136943 0.09631868570282622 0.03190979632462801 0.0 0.0
35 5035 5000 1 1 0.41823056300268097 0.034471547006177064 0.10570236439499305 0.014867963324136943 0.09656934329422252 0.03190979632462801 0.0 0.0
36 5036 5000 1 1 0.17730192719486082 0.019994335209930415 0.10570236439499305 0.014867963324136943 0.0468649178400058 0.03190979632462801 0.0 0.0
37 5037 5000 1 1 0.17730192719486082 0.013560018856043013 0.10570236439499305 0.014867963324136943 0.03980215213306007 0.03190979632462801 0.0 0.0
38 5038 5000 1 1 0.021234371899186345 0.0010617185949593172 0.0 0.0 0.004627924061905655 0.0 0.0 0.0
39 5039 5000 1 1 0.0 0.0 0.0 0.0 0.0 0.0 0.0 0.0
74
