0 0 5000 0 1 0.1863013698630137 0.009315068493150686 0.0 0.0 0.04060344221380354 0.0 0.9967979704076315 0.2
1 1 5000 0 1 0.8409090909090909 0.05589408886249363 0.8387096774193549 0.039938556067588324 0.1854150214819223 0.17861065258062842 0.9935690022694007 0.16666666666666666
2 2 5000 0 1 0.918918918918919 0.10184003480843959 0.8387096774193549 0.039938556067588324 0.26334784154893237 0.17861065258062842 0.9966449246060723 0.2
3 3 5000 0 1 0.918918918918919 0.11360725408719537 0.8387096774193549 0.039938556067588324 0.26379199978035656 0.17861065258062842 0.9969895631789163 0.16666666666666666
4 4 5000 0 1 0.918918918918919 0.11627346499131433 0.8387096774193549 0.039938556067588324 0.2652742690387776 0.17861065258062842 0.9969895631789163 0.16666666666666666
5 5 5000 0 1 0.918918918918919 0.15307422030688705 0.8387096774193549 0.05077642678698839 0.3129662919856436 0.1809509091990683 0.9924732708593014 0.16666666666666666
6 6 5000 0 1 0.918918918918919 0.1645594365092456 0.8387096774193549 0.05077642678698839 0.3218211540118844 0.1809509091990683 0.9969895631789163 0.2
7 7 5000 0 1 0.918918918918919 0.1677515377362395 0.8387096774193549 0.05077642678698839 0.3208590785978852 0.1809509091990683 0.9971912181145261 0.16666666666666666
8 8 5000 0 1 0.918918918918919 0.1932980303952933 0.8387096774193549 0.05077642678698839 0.32677127156535496 0.1809509091990683 0.9966148142806768 0.2
9 9 5000 0 1 0.918918918918919 0.21170198152604458 0.8387096774193549 0.05077642678698839 0.3257299062682863 0.1809509091990683 0.9956708231753108 0.2
10 10 5000 0 1 0.918918918918919 0.2122042646310674 0.8387096774193549 0.05077642678698839 0.3267737274450406 0.1809509091990683 0.9967979704076315 0.2
11 11 5000 0 1 0.9333333333333333 0.2129249853517881 0.8387096774193549 0.05077642678698839 0.32834376203466753 0.1809509091990683 0.9966449246060723 0.2
12 12 5000 0 1 0.9333333333333333 0.2135668338755365 0.8387096774193549 0.05077642678698839 0.3279392052089309 0.1809509091990683 0.9969749875304513 0.2
13 13 5000 0 1 0.9333333333333333 0.21368423538871156 0.8387096774193549 0.05077642678698839 0.32786313921106464 0.1809509091990683 0.9975921313469493 0.2
14 14 5000 0 1 0.9333333333333333 0.21387990457733666 0.8387096774193549 0.05077642678698839 0.3277380989875333 0.1809509091990683 0.9975921313469493 0.16666666666666666
15 15 5000 0 1 0.9333333333333333 0.21400429675193805 0.8387096774193549 0.05077642678698839 0.3276573599813429 0.1809509091990683 0.9973064884422948 0.2
16 16 5000 0 1 0.9333333333333333 0.21444021654269654 0.8387096774193549 0.05077642678698839 0.32749874728195427 0.1809509091990683 0.9967582635502731 0.2
17 17 5000 0 1 0.9333333333333333 0.21527461962356945 0.8387096774193549 0.05077642678698839 0.3270049251517622 0.1809509091990683 0.9969749875304513 0.16666666666666666
18 18 5000 0 1 0.9333333333333333 0.21617320755681718 0.8387096774193549 0.05077642678698839 0.32651759239402234 0.1809509091990683 0.9969749875304513 0.16666666666666666
19 19 5000 0 1 0.9333333333333333 0.2163819213580173 0.8387096774193549 0.05077642678698839 0.32638465471536715 0.1809509091990683 0.9975921313469493 0.16666666666666666
20 20 5000 0 1 0.9333333333333333 0.23306283060429994 0.8387096774193549 0.05077642678698839 0.3491256420060909 0.1809509091990683 0.9969895631789163 0.16666666666666666
21 21 5000 0 1 0.9333333333333333 0.24680883467288467 0.8387096774193549 0.05077642678698839 0.34900411369931694 0.1809509091990683 0.9967582635502731 0.2
22 22 5000 0 1 0.9921380960519569 0.2538161838439666 0.8387096774193549 0.05077642678698839 0.3622406304548766 0.1809509091990683 0.9969895631789163 0.2
23 23 5000 0 1 0.9921380960519569 0.26529418904582114 0.8387096774193549 0.05077642678698839 0.3577036843832372 0.1809509091990683 0.9973064884422948 0.16666666666666666
24 24 5000 0 1 0.9921380960519569 0.298114701866334 0.8387096774193549 0.05077642678698839 0.36194513165671705 0.1809509091990683 0.9961081877177322 0.2
25 25 5000 0 1 0.9921380960519569 0.32707857167821813 0.8387096774193549 0.05077642678698839 0.36010328634626987 0.1809509091990683 0.9963576397404620 0.16666666666666666
26 26 5000 0 1 0.9921380960519569 0.3591709978656379 0.8387096774193549 0.05077642678698839 0.36235067828774614 0.1809509091990683 0.9969749875304513 0.2
27 27 5000 0 1 0.9921380960519569 0.37063447590047016 0.8387096774193549 0.05077642678698839 0.36605882477019047 0.1809509091990683 0.9956708231753108 0.2
28 28 5000 0 1 0.9921380960519569 0.3907605002001465 0.8387096774193549 0.07207067043911536 0.38020255077919907 0.1952227372755097 0.9921214517834101 0.3333333333333333
29 29 5000 0 1 0.9921380960519569 0.4162182159804429 0.8387096774193549 0.07207067043911536 0.3950065763484626 0.1952227372755097 0.9967582635502731 0.16666666666666666
30 30 5000 0 1 0.9921380960519569 0.42089470958858277 0.8387096774193549 0.07207067043911536 0.39070505350952756 0.1952227372755097 0.9975921313469493 0.16666666666666666
31 31 5000 0 1 0.9921380960519569 0.43503826586917 0.8387096774193549 0.07207067043911536 0.3987455787593461 0.1952227372755097 0.9966148142806768 0.16666666666666666
32 32 5000 0 1 0.9921380960519569 0.4395672718626112 0.8387096774193549 0.07207067043911536 0.39692451908878656 0.1952227372755097 0.9973064884422948 0.16666666666666666
33 33 5000 0 1 0.9921380960519569 0.4498982323546146 0.8387096774193549 0.08461632887367374 0.40483817137716144 0.1944403752504419 0.9880853730195478 0.16666666666666666
34 34 5000 0 1 0.9921380960519569 0.4652590195266262 0.8387096774193549 0.08461632887367374 0.39313545360322044 0.1944403752504419 0.9963496424467685 0.16666666666666666
35 35 5000 0 1 0.9921380960519569 0.47014132118312146 0.8387096774193549 0.08461632887367374 0.39886337536112326 0.1944403752504419 0.9967582635502731 0.2
36 36 5000 0 1 0.9921380960519569 0.47705585969476105 0.8387096774193549 0.08953505481555532 0.40092277146871313 0.19750067576754046 0.9924732708593014 0.16666666666666666
37 37 5000 0 1 0.9921380960519569 0.48170360367304904 0.8387096774193549 0.08953505481555532 0.39964236006255 0.19750067576754046 0.9973064884422948 0.16666666666666666
38 38 5000 0 1 0.9921380960519569 0.48561464661783427 0.8387096774193549 0.08953505481555532 0.39860107922543164 0.19750067576754046 0.9971912181145261 0.16666666666666666
39 39 5000 0 1 0.9921380960519569 0.48827574758313563 0.8387096774193549 0.08953505481555532 0.3962147833871193 0.19750067576754046 0.9975921313469493 0.2
0 5000 5000 1 1 0.9921380960519569 0.47896067908998496 0.8387096774193549 0.08953505481555532 0.38711550773436726 0.19750067576754046 0.0 0.0
1 5001 5000 1 1 0.9921380960519569 0.43238165872064205 0.40756302521008403 0.04959649874796698 0.37206596171296874 0.10519684788700054 0.0 0.0
2 5002 5000 1 1 0.9921380960519569 0.3864357127746961 0.40756302521008403 0.04959649874796698 0.3592106085060617 0.10519684788700054 0.0 0.0
3 5003 5000 1 1 0.9781771501925546 0.37466849349594034 0.40756302521008403 0.04959649874796698 0.3426489125642313 0.10519684788700054 0.0 0.0
4 5004 5000 1 1 0.9781771501925546 0.37200228259182133 0.40756302521008403 0.04959649874796698 0.3398612796010502 0.10519684788700054 0.0 0.0
5 5005 5000 1 1 0.9781771501925546 0.3352015272762486 0.40756302521008403 0.038758628028566916 0.33232520588367664 0.09214217824460588 0.0 0.0
6 5006 5000 1 1 0.9781771501925546 0.32371631107389 0.40756302521008403 0.038758628028566916 0.323244584949448 0.09214217824460588 0.0 0.0
7 5007 5000 1 1 0.9781771501925546 0.32052420984689617 0.40756302521008403 0.038758628028566916 0.3229968137449561 0.09214217824460588 0.0 0.0
8 5008 5000 1 1 0.9781771501925546 0.2949777171878423 0.40756302521008403 0.038758628028566916 0.3042131837028779 0.09214217824460588 0.0 0.0
9 5009 5000 1 1 0.9781771501925546 0.2765737660570911 0.40756302521008403 0.038758628028566916 0.2963974135832965 0.09214217824460588 0.0 0.0
10 5010 5000 1 1 0.9781771501925546 0.2760714829520683 0.40756302521008403 0.038758628028566916 0.2967478522814522 0.09214217824460588 0.0 0.0
11 5011 5000 1 1 0.9781771501925546 0.2753507622313476 0.40756302521008403 0.038758628028566916 0.2973075503194715 0.09214217824460588 0.0 0.0
12 5012 5000 1 1 0.9653401797175867 0.2747089137075992 0.40756302521008403 0.038758628028566916 0.29579957866578804 0.09214217824460588 0.0 0.0
13 5013 5000 1 1 0.9653401797175867 0.2745915121944241 0.40756302521008403 0.038758628028566916 0.2958466612664483 0.09214217824460588 0.0 0.0
14 5014 5000 1 1 0.9653401797175867 0.274395843005799 0.40756302521008403 0.038758628028566916 0.29592708217188113 0.09214217824460588 0.0 0.0
15 5015 5000 1 1 0.9653401797175867 0.27427145083119764 0.40756302521008403 0.038758628028566916 0.2958682254244924 0.09214217824460588 0.0 0.0
16 5016 5000 1 1 0.9653401797175867 0.2738355310404391 0.40756302521008403 0.038758628028566916 0.2949651135382108 0.09214217824460588 0.0 0.0
17 5017 5000 1 1 0.9486521181001284 0.2730011279595662 0.40756302521008403 0.038758628028566916 0.29302501484949595 0.09214217824460588 0.0 0.0
18 5018 5000 1 1 0.9306803594351734 0.2721025400263185 0.40756302521008403 0.038758628028566916 0.29097205607943644 0.09214217824460588 0.0 0.0
19 5019 5000 1 1 0.9306803594351734 0.2718938262251184 0.40756302521008403 0.038758628028566916 0.29106038454127403 0.09214217824460588 0.0 0.0
20 5020 5000 1 1 0.9306803594351734 0.25521291697883564 0.40756302521008403 0.038758628028566916 0.28856221912605867 0.09214217824460588 0.0 0.0
21 5021 5000 1 1 0.9306803594351734 0.24146691291025096 0.40756302521008403 0.038758628028566916 0.2638831267573604 0.09214217824460588 0.0 0.0
22 5022 5000 1 1 0.9306803594351734 0.2344595637391691 0.40756302521008403 0.038758628028566916 0.26830435840809064 0.09214217824460588 0.0 0.0
23 5023 5000 1 1 0.9306803594351734 0.22298155853731455 0.40756302521008403 0.038758628028566916 0.26531041611114287 0.09214217824460588 0.0 0.0
24 5024 5000 1 1 0.9306803594351734 0.1901610457168017 0.40756302521008403 0.038758628028566916 0.24981082402622418 0.09214217824460588 0.0 0.0
25 5025 5000 1 1 0.9306803594351734 0.16119717590491756 0.40756302521008403 0.038758628028566916 0.2362287588323071 0.09214217824460588 0.0 0.0
26 5026 5000 1 1 0.6068003487358327 0.1291047497174978 0.40756302521008403 0.038758628028566916 0.16119371734948604 0.09214217824460588 0.0 0.0
27 5027 5000 1 1 0.6068003487358327 0.11764127168266544 0.40756302521008403 0.038758628028566916 0.1618139534661562 0.09214217824460588 0.0 0.0
28 5028 5000 1 1 0.6068003487358327 0.09751524738298914 0.16165413533834586 0.017464384376439945 0.15298591484760526 0.04126482651129281 0.0 0.0
29 5029 5000 1 1 0.3072157434402332 0.07205753160269271 0.16165413533834586 0.017464384376439945 0.0989344731691393 0.04126482651129281 0.0 0.0
30 5030 5000 1 1 0.3072157434402332 0.06738103799455288 0.16165413533834586 0.017464384376439945 0.09749326564010209 0.04126482651129281 0.0 0.0
31 5031 5000 1 1 0.3072157434402332 0.0532374817139656 0.16165413533834586 0.017464384376439945 0.08491235470711714 0.04126482651129281 0.0 0.0
32 5032 5000 1 1 0.3072157434402332 0.04870847572052446 0.16165413533834586 0.017464384376439945 0.08012239084685893 0.04126482651129281 0.0 0.0
33 5033 5000 1 1 0.3072157434402332 0.038377515228521016 0.0874074074074074 0.00491872594188157 0.07523994025844703 0.018751944071887804 0.0 0.0
34 5034 5000 1 1 0.15212806748466257 0.02301672805650936 0.0874074074074074 0.00491872594188157 0.043417011227236464 0.018751944071887804 0.0 0.0
35 5035 5000 1 1 0.15212806748466257 0.018134426400014152 0.0874074074074074 0.00491872594188157 0.04011498253988697 0.018751944071887804 0.0 0.0
36 5036 5000 1 1 0.09295487956575822 0.01121988788837452 0.0 0.0 0.027453577231322426 0.0 0.0 0.0
37 5037 5000 1 1 0.07822085889570553 0.0065721439100866075 0.0 0.0 0.02010873515899891 0.0 0.0 0.0
38 5038 5000 1 1 0.05322201930602661 0.0026611009653013306 0.0 0.0 0.01159947018630704 0.0 0.0 0.0
39 5039 5000 1 1 0.0 0.0 0.0 0.0 0.0 0.0 0.0 0.0
67
