0 0 5000 0 1 0.34805537244561635 0.017402768622280816 0.0 0.0 0.07585690976234263 0.0 0.9967180273280571 0.2
1 1 5000 0 1 0.34805537244561635 0.02590342206174856 0.0 0.0 0.08265205392404022 0.0 0.9976362406861673 0.16666666666666666
2 2 5000 0 1 0.44458518049398354 0.048132681086447734 0.0 0.0 0.12275338463580238 0.0 0.9965629865226632 0.16666666666666666
3 3 5000 0 1 0.44458518049398354 0.05776512722079501 0.0 0.0 0.12611113700186172 0.0 0.9974437189838315 0.16666666666666666
4 4 5000 0 1 0.44458518049398354 0.07086798155150367 0.0 0.0 0.13286178465528797 0.0 0.9974705678955964 0.16666666666666666
5 5 5000 0 1 0.5927802406586448 0.07827773455973672 0.0 0.0 0.15567190643526665 0.0 0.9965629865226632 0.16666666666666666
6 6 5000 0 1 0.5927802406586448 0.0841136522366468 0.0 0.0 0.15481343091295693 0.0 0.9969239807201194 0.16666666666666666
7 7 5000 0 1 0.6150296638101516 0.09746236680487355 0.0 0.0 0.18547058848865847 0.0 0.9967180273280571 0.2
8 8 5000 0 1 0.9798945286750165 0.11775531437926592 0.25522388059701495 0.013432835820895524 0.24333629780186955 0.05699069579712471 0.9931027997900871 0.4
9 9 5000 0 1 0.9798945286750165 0.11890602558271805 0.25522388059701495 0.013432835820895524 0.24302479792725182 0.05699069579712471 0.9972033451442980 0.2
10 10 5000 0 1 0.9924192485168095 0.1195322615748077 0.25522388059701495 0.013432835820895524 0.2452485833705124 0.05699069579712471 0.9967180273280571 0.2
11 11 5000 0 1 0.9924192485168095 0.11964413627514332 0.25522388059701495 0.013432835820895524 0.24522373865010122 0.05699069579712471 0.9972033451442980 0.2
12 12 5000 0 1 0.9924192485168095 0.11973203782540702 0.25522388059701495 0.013432835820895524 0.2452048963871791 0.05699069579712471 0.9972033451442980 0.16666666666666666
13 13 5000 0 1 0.9924192485168095 0.12035367064762004 0.25522388059701495 0.013432835820895524 0.24491615831347108 0.05699069579712471 0.9977177146634909 0.16666666666666666
14 14 5000 0 1 0.9924192485168095 0.12058604864916922 0.25522388059701495 0.013432835820895524 0.24480403489991193 0.05699069579712471 0.9965427900405503 0.2
15 15 5000 0 1 0.9924192485168095 0.12065796809938498 0.25522388059701495 0.013432835820895524 0.24478878734804022 0.05699069579712471 0.9972033451442980 0.2
16 16 5000 0 1 0.9924192485168095 0.12102447500663056 0.25522388059701495 0.013432835820895524 0.24478810191342038 0.05699069579712471 0.9969239807201194 0.2
17 17 5000 0 1 0.9924192485168095 0.12140470314351268 0.25522388059701495 0.013432835820895524 0.24490493868898175 0.05699069579712471 0.9974437189838315 0.16666666666666666
18 18 5000 0 1 0.9924192485168095 0.12163706478271843 0.25522388059701495 0.013432835820895524 0.24498183137847276 0.05699069579712471 0.9974437189838315 0.2
19 19 5000 0 1 0.9924192485168095 0.12205916762231935 0.25522388059701495 0.013432835820895524 0.24477907641380667 0.05699069579712471 0.9965589019734073 0.2
20 20 5000 0 1 0.9924192485168095 0.12480009778054213 0.25522388059701495 0.013432835820895524 0.24448128513891643 0.05699069579712471 0.9972033451442980 0.2
21 21 5000 0 1 0.9924192485168095 0.13233565795314883 0.25522388059701495 0.013432835820895524 0.2466614685285935 0.05699069579712471 0.9972033451442980 0.16666666666666666
22 22 5000 0 1 0.9924192485168095 0.1472134034981136 0.25522388059701495 0.013432835820895524 0.24795101593085364 0.05699069579712471 0.9977177146634909 0.2
23 23 5000 0 1 0.9924192485168095 0.16171379079478285 0.25522388059701495 0.013432835820895524 0.24766943657495924 0.05699069579712471 0.9965427900405503 0.16666666666666666
24 24 5000 0 1 0.9924192485168095 0.1699309433085133 0.25522388059701495 0.013432835820895524 0.25166010264823696 0.05699069579712471 0.9974437189838315 0.2
25 25 5000 0 1 0.9924192485168095 0.17501589043932 0.25522388059701495 0.013432835820895524 0.25263594267545625 0.05699069579712471 0.9976362406861673 0.2
26 26 5000 0 1 0.9924192485168095 0.19681563695389542 0.25522388059701495 0.013432835820895524 0.28517101283310214 0.05699069579712471 0.9974437189838315 0.16666666666666666
27 27 5000 0 1 0.9924192485168095 0.21104873663311605 0.25522388059701495 0.013432835820895524 0.29547176360815736 0.05699069579712471 0.9976362406861673 0.16666666666666666
28 28 5000 0 1 0.9924192485168095 0.22207235868036013 0.25522388059701495 0.013432835820895524 0.301225897376659 0.05699069579712471 0.9974705678955964 0.2
29 29 5000 0 1 0.9924192485168095 0.23012052091103188 0.25522388059701495 0.013432835820895524 0.3183623113152703 0.05699069579712471 0.9974437189838315 0.2
30 30 5000 0 1 0.9924192485168095 0.237047126415619 0.25522388059701495 0.013432835820895524 0.31476694957505763 0.05699069579712471 0.9965269872006838 0.16666666666666666
31 31 5000 0 1 0.9924192485168095 0.24078366853088182 0.25522388059701495 0.013432835820895524 0.3193774088186509 0.05699069579712471 0.9965629865226632 0.2
32 32 5000 0 1 0.9924192485168095 0.25632472762527936 0.25522388059701495 0.013432835820895524 0.3152288464991882 0.05699069579712471 0.9965589019734073 0.16666666666666666
33 33 5000 0 1 0.9924192485168095 0.2619715130629246 0.25522388059701495 0.013432835820895524 0.31687213872186587 0.05699069579712471 0.9965427900405503 0.16666666666666666
34 34 5000 0 1 0.9924192485168095 0.2741085302605565 0.25522388059701495 0.013432835820895524 0.31600449470846736 0.05699069579712471 0.9969239807201194 0.16666666666666666
35 35 5000 0 1 0.9940853400929447 0.28310604655248384 0.25522388059701495 0.020482344044581248 0.32568721610779267 0.05821694594405284 0.9924368358681816 0.16666666666666666
36 36 5000 0 1 0.9940853400929447 0.29390925940388946 0.25522388059701495 0.020482344044581248 0.3196446960697673 0.05821694594405284 0.9963511230541072 0.16666666666666666
37 37 5000 0 1 0.9940853400929447 0.2974093393143897 0.25522388059701495 0.020482344044581248 0.319801389507038 0.05821694594405284 0.9972033451442980 0.16666666666666666
38 38 5000 0 1 0.9940853400929447 0.3029507405882751 0.25522388059701495 0.020482344044581248 0.31553167064596543 0.05821694594405284 0.9962041011484543 0.16666666666666666
39 39 5000 0 1 0.9940853400929447 0.31359331086939957 0.25522388059701495 0.020482344044581248 0.31601086358965763 0.05821694594405284 0.9963511230541072 0.16666666666666666
0 5000 5000 1 1 0.9940853400929447 0.2961905422471187 0.25522388059701495 0.020482344044581248 0.286339370695006 0.05821694594405284 0.0 0.0
1 5001 5000 1 1 0.9940853400929447 0.287689888807651 0.25522388059701495 0.020482344044581248 0.28096216361666687 0.05821694594405284 0.0 0.0
2 5002 5000 1 1 0.9940853400929447 0.2654606297829518 0.25522388059701495 0.020482344044581248 0.2672865674649125 0.05821694594405284 0.0 0.0
3 5003 5000 1 1 0.8014364174059991 0.25582818364860455 0.25522388059701495 0.020482344044581248 0.24324499779201084 0.05821694594405284 0.0 0.0
4 5004 5000 1 1 0.8014364174059991 0.24272532931789587 0.25522388059701495 0.020482344044581248 0.22913805659006464 0.05821694594405284 0.0 0.0
5 5005 5000 1 1 0.8014364174059991 0.23531557630966282 0.25522388059701495 0.020482344044581248 0.23203631408981054 0.05821694594405284 0.0 0.0
6 5006 5000 1 1 0.8014364174059991 0.22947965863275277 0.25522388059701495 0.020482344044581248 0.23011609588988513 0.05821694594405284 0.0 0.0
7 5007 5000 1 1 0.8014364174059991 0.216130944064526 0.25522388059701495 0.020482344044581248 0.21275020804822461 0.05821694594405284 0.0 0.0
8 5008 5000 1 1 0.8014364174059991 0.19583799649013361 0.07013574660633484 0.007049508223685726 0.21255411430349172 0.01818414586352649 0.0 0.0
9 5009 5000 1 1 0.8014364174059991 0.1946872852866815 0.07013574660633484 0.007049508223685726 0.21202719334672773 0.01818414586352649 0.0 0.0
10 5010 5000 1 1 0.8014364174059991 0.19406104929459184 0.07013574660633484 0.007049508223685726 0.2125820676518003 0.01818414586352649 0.0 0.0
11 5011 5000 1 1 0.8014364174059991 0.19394917459425623 0.07013574660633484 0.007049508223685726 0.21253688741465637 0.01818414586352649 0.0 0.0
12 5012 5000 1 1 0.8014364174059991 0.1938612730439925 0.07013574660633484 0.007049508223685726 0.21250216697555696 0.01818414586352649 0.0 0.0
13 5013 5000 1 1 0.8014364174059991 0.19323964022177947 0.07013574660633484 0.007049508223685726 0.21217949301743966 0.01818414586352649 0.0 0.0
14 5014 5000 1 1 0.8014364174059991 0.1930072622202303 0.07013574660633484 0.007049508223685726 0.21194702677849725 0.01818414586352649 0.0 0.0
15 5015 5000 1 1 0.8014364174059991 0.1929353427700145 0.07013574660633484 0.007049508223685726 0.21191876594053624 0.01818414586352649 0.0 0.0
16 5016 5000 1 1 0.8014364174059991 0.19256883586276896 0.07013574660633484 0.007049508223685726 0.21182595386375094 0.01818414586352649 0.0 0.0
17 5017 5000 1 1 0.7938318546683566 0.19218860772588683 0.07013574660633484 0.007049508223685726 0.21073671833189672 0.01818414586352649 0.0 0.0
18 5018 5000 1 1 0.7891846218842417 0.1919562460866811 0.07013574660633484 0.007049508223685726 0.21007473117402778 0.01818414586352649 0.0 0.0
19 5019 5000 1 1 0.7891846218842417 0.19153414324708015 0.07013574660633484 0.007049508223685726 0.2098268444146923 0.01818414586352649 0.0 0.0
20 5020 5000 1 1 0.7891846218842417 0.18879321308885738 0.07013574660633484 0.007049508223685726 0.20906837313806578 0.01818414586352649 0.0 0.0
21 5021 5000 1 1 0.7891846218842417 0.18125765291625068 0.07013574660633484 0.007049508223685726 0.21049330003832528 0.01818414586352649 0.0 0.0
22 5022 5000 1 1 0.7891846218842417 0.1663799073712859 0.07013574660633484 0.007049508223685726 0.21225585097904923 0.01818414586352649 0.0 0.0
23 5023 5000 1 1 0.7891846218842417 0.15187952007461666 0.07013574660633484 0.007049508223685726 0.2053947018924103 0.01818414586352649 0.0 0.0
24 5024 5000 1 1 0.6248415716096325 0.1436623675608862 0.07013574660633484 0.007049508223685726 0.1816486373194688 0.01818414586352649 0.0 0.0
25 5025 5000 1 1 0.6248415716096325 0.13857742043007953 0.07013574660633484 0.007049508223685726 0.17612292786190148 0.01818414586352649 0.0 0.0
26 5026 5000 1 1 0.42891566265060244 0.11677767391550412 0.07013574660633484 0.007049508223685726 0.13728716350360218 0.01818414586352649 0.0 0.0
27 5027 5000 1 1 0.42891566265060244 0.10254457423628349 0.07013574660633484 0.007049508223685726 0.13385730519141395 0.01818414586352649 0.0 0.0
28 5028 5000 1 1 0.42891566265060244 0.09152095218903941 0.07013574660633484 0.007049508223685726 0.11947393691804263 0.01818414586352649 0.0 0.0
29 5029 5000 1 1 0.42891566265060244 0.08347278995836767 0.07013574660633484 0.007049508223685726 0.11805982010228477 0.01818414586352649 0.0 0.0
30 5030 5000 1 1 0.42891566265060244 0.07654618445378052 0.07013574660633484 0.007049508223685726 0.11868846681654405 0.01818414586352649 0.0 0.0
31 5031 5000 1 1 0.42891566265060244 0.0728096423385177 0.07013574660633484 0.007049508223685726 0.11985738005082767 0.01818414586352649 0.0 0.0
32 5032 5000 1 1 0.42891566265060244 0.05726858324412015 0.07013574660633484 0.007049508223685726 0.10750281199955448 0.01818414586352649 0.0 0.0
33 5033 5000 1 1 0.42891566265060244 0.05162179780647491 0.07013574660633484 0.007049508223685726 0.10739651526121159 0.01818414586352649 0.0 0.0
34 5034 5000 1 1 0.42891566265060244 0.0394847806088431 0.07013574660633484 0.007049508223685726 0.09845623327237112 0.01818414586352649 0.0 0.0
35 5035 5000 1 1 0.42891566265060244 0.030487264316915712 0.0 0.0 0.09554115734584177 0.0 0.0 0.0
36 5036 5000 1 1 0.21285140562248997 0.01968405146551009 0.0 0.0 0.0523161343262167 0.0 0.0 0.0
37 5037 5000 1 1 0.21285140562248997 0.01618397155500985 0.0 0.0 0.0511615839282218 0.0 0.0 0.0
38 5038 5000 1 1 0.21285140562248997 0.0106425702811245 0.0 0.0 0.046389888354950934 0.0 0.0 0.0
39 5039 5000 1 1 0.0 0.0 0.0 0.0 0.0 0.0 0.0 0.0
73
