0 0 5000 0 1 0.06258278145695365 0.0031291390728476823 0.0 0.0 0.013639600998827606 0.0 0.9970748959017381 0.16666666666666666
1 1 5000 0 1 0.14090019569471623 0.010174148857583495 0.0 0.0 0.03293873372047929 0.0 0.9973830285909398 0.2
2 2 5000 0 1 0.19097586568730326 0.019722942141948658 0.0 0.0 0.051215896956911706 0.0 0.9971325771208419 0.2
3 3 5000 0 1 0.3806262230919765 0.03170924351181167 0.0 0.0 0.09087221385917134 0.0 0.9973830285909398 0.2
4 4 5000 0 1 0.3806262230919765 0.03603043556479181 0.0 0.0 0.09423036421300121 0.0 0.9970748959017381 0.2
5 5 5000 0 1 0.3806262230919765 0.040738955744163995 0.0 0.0 0.09466411441073976 0.0 0.9963026584233423 0.16666666666666666
6 6 5000 0 1 0.3806262230919765 0.043099921116671866 0.0 0.0 0.09887675072320966 0.0 0.9971325771208419 0.16666666666666666
7 7 5000 0 1 0.3806262230919765 0.04386589446329038 0.0 0.0 0.09859884705275788 0.0 0.9972507356253023 0.2
8 8 5000 0 1 0.3806262230919765 0.04465055008665568 0.0 0.0 0.09843085093025049 0.0 0.9972507356253023 0.16666666666666666
9 9 5000 0 1 0.3806262230919765 0.045696757584476076 0.0 0.0 0.09839152693661715 0.0 0.9972507356253023 0.2
10 10 5000 0 1 0.3897586431833007 0.046153378589042296 0.0 0.0 0.09995361815867992 0.0 0.9973830285909398 0.16666666666666666
11 11 5000 0 1 0.3897586431833007 0.0462218802704472 0.0 0.0 0.09995802758478844 0.0 0.9972507356253023 0.2
12 12 5000 0 1 0.3897586431833007 0.046403999475745215 0.0 0.0 0.10014826813522242 0.0 0.9970748959017381 0.16666666666666666
13 13 5000 0 1 0.3975864318330072 0.04679538890823054 0.0 0.0 0.10149560038167943 0.0 0.9973830285909398 0.2
14 14 5000 0 1 0.3975864318330072 0.046895027717546764 0.0 0.0 0.10150292162254033 0.0 0.9972507356253023 0.16666666666666666
15 15 5000 0 1 0.408675799086758 0.047449496080234306 0.0 0.0 0.10342910104679323 0.0 0.9973830285909398 0.2
16 16 5000 0 1 0.408675799086758 0.047869664147461195 0.0 0.0 0.1032524077206897 0.0 0.9967038210568642 0.2
17 17 5000 0 1 0.408675799086758 0.04826173559159101 0.0 0.0 0.10308464349137399 0.0 0.9975366281022578 0.2
18 18 5000 0 1 0.408675799086758 0.04851007996245194 0.0 0.0 0.1033414898753063 0.0 0.9970748959017381 0.16666666666666666
19 19 5000 0 1 0.408675799086758 0.049175346068894524 0.0 0.0 0.10312375695943694 0.0 0.9967038210568642 0.16666666666666666
20 20 5000 0 1 0.6638655462184874 0.08128318920614942 0.0 0.0 0.16869521892689493 0.0 0.9967038210568642 0.16666666666666666
21 21 5000 0 1 0.6638655462184874 0.10006598039187871 0.0 0.0 0.2026219104540304 0.0 0.9971325771208419 0.16666666666666666
22 22 5000 0 1 0.6638655462184874 0.13029636644418258 0.0 0.0 0.22884322305171906 0.0 0.9966842244759286 0.16666666666666666
23 23 5000 0 1 0.9357469015003261 0.15983285265964936 0.3151862464183381 0.014326647564469913 0.2886874653657918 0.06565294691913809 0.9933065726081732 0.16666666666666666
24 24 5000 0 1 0.9357469015003261 0.16582986349536985 0.3151862464183381 0.014326647564469913 0.287697751941617 0.06565294691913809 0.9972507356253023 0.16666666666666666
25 25 5000 0 1 0.9357469015003261 0.1765796976028682 0.3151862464183381 0.014326647564469913 0.2853074292064746 0.06565294691913809 0.9975706770355116 0.2
26 26 5000 0 1 0.992296918767507 0.20198271758079106 0.6859504132231405 0.08867955363318471 0.31716528105831515 0.19975064993597064 0.9918165308874745 0.3333333333333333
27 27 5000 0 1 0.992296918767507 0.22191301599072352 0.6859504132231405 0.08867955363318471 0.31686329382461215 0.19975064993597064 0.9975366281022578 0.16666666666666666
28 28 5000 0 1 0.992296918767507 0.22929321885885923 0.6859504132231405 0.08867955363318471 0.32887994492712075 0.19975064993597064 0.9971325771208419 0.2
29 29 5000 0 1 0.992296918767507 0.23528723978561555 0.6859504132231405 0.08867955363318471 0.3274519776409439 0.19975064993597064 0.9963026584233423 0.2
30 30 5000 0 1 0.992296918767507 0.23862532823069404 0.6859504132231405 0.08867955363318471 0.3253700851077675 0.19975064993597064 0.9968047216404746 0.2
31 31 5000 0 1 0.992296918767507 0.2410912253975356 0.6859504132231405 0.08867955363318471 0.32996009534759213 0.19975064993597064 0.9971325771208419 0.2
32 32 5000 0 1 0.992296918767507 0.24374075320446115 0.6859504132231405 0.08867955363318471 0.33520613127858234 0.19975064993597064 0.9971325771208419 0.2
33 33 5000 0 1 0.992296918767507 0.24692588923631248 0.6859504132231405 0.08867955363318471 0.3352205238842115 0.19975064993597064 0.9975706770355116 0.2
34 34 5000 0 1 0.992296918767507 0.25159065385828105 0.6859504132231405 0.08867955363318471 0.33332475718797583 0.19975064993597064 0.9968047216404746 0.2
35 35 5000 0 1 0.992296918767507 0.25413144349584493 0.6859504132231405 0.08867955363318471 0.3329265192821216 0.19975064993597064 0.9972507356253023 0.16666666666666666
36 36 5000 0 1 0.992296918767507 0.26784768169955464 0.6859504132231405 0.08867955363318471 0.3352176160011687 0.19975064993597064 0.9974744286754901 0.16666666666666666
37 37 5000 0 1 0.992296918767507 0.3058275720103407 0.6859504132231405 0.08867955363318471 0.34558959508060955 0.19975064993597064 0.9965162861766711 0.16666666666666666
38 38 5000 0 1 0.992296918767507 0.3185299381373644 0.6859504132231405 0.08867955363318471 0.3606774873988271 0.19975064993597064 0.9966842244759286 0.16666666666666666
39 39 5000 0 1 0.992296918767507 0.3208745638690869 0.6859504132231405 0.08867955363318471 0.36022085222353073 0.19975064993597064 0.9972507356253023 0.16666666666666666
0 5000 5000 1 1 0.992296918767507 0.31774542479623913 0.6859504132231405 0.08867955363318471 0.36189338106345953 0.19975064993597064 0.0 0.0
1 5001 5000 1 1 0.992296918767507 0.3107004150115034 0.6859504132231405 0.08867955363318471 0.3510016772770364 0.19975064993597064 0.0 0.0
2 5002 5000 1 1 0.992296918767507 0.3011516217271383 0.6859504132231405 0.08867955363318471 0.33638770763877107 0.19975064993597064 0.0 0.0
3 5003 5000 1 1 0.992296918767507 0.2891653203572752 0.6859504132231405 0.08867955363318471 0.32256982300790765 0.19975064993597064 0.0 0.0
4 5004 5000 1 1 0.992296918767507 0.2848441283042951 0.6859504132231405 0.08867955363318471 0.3257051383332694 0.19975064993597064 0.0 0.0
5 5005 5000 1 1 0.992296918767507 0.2801356081249229 0.6859504132231405 0.08867955363318471 0.32737094196255107 0.19975064993597064 0.0 0.0
6 5006 5000 1 1 0.992296918767507 0.27777464275241504 0.6859504132231405 0.08867955363318471 0.32422673409479474 0.19975064993597064 0.0 0.0
7 5007 5000 1 1 0.992296918767507 0.27700866940579655 0.6859504132231405 0.08867955363318471 0.32425532648275857 0.19975064993597064 0.0 0.0
8 5008 5000 1 1 0.992296918767507 0.2762240137824312 0.6859504132231405 0.08867955363318471 0.3243202554938035 0.19975064993597064 0.0 0.0
9 5009 5000 1 1 0.992296918767507 0.2751778062846108 0.6859504132231405 0.08867955363318471 0.32446289527490296 0.19975064993597064 0.0 0.0
10 5010 5000 1 1 0.992296918767507 0.27472118528004463 0.6859504132231405 0.08867955363318471 0.3240748005804932 0.19975064993597064 0.0 0.0
11 5011 5000 1 1 0.992296918767507 0.2746526835986397 0.6859504132231405 0.08867955363318471 0.32408629091442037 0.19975064993597064 0.0 0.0
12 5012 5000 1 1 0.992296918767507 0.2744705643933417 0.6859504132231405 0.08867955363318471 0.3242367304438596 0.19975064993597064 0.0 0.0
13 5013 5000 1 1 0.992296918767507 0.2740791749608563 0.6859504132231405 0.08867955363318471 0.3239133056617532 0.19975064993597064 0.0 0.0
14 5014 5000 1 1 0.992296918767507 0.27397953615154014 0.6859504132231405 0.08867955363318471 0.32393034199455134 0.19975064993597064 0.0 0.0
15 5015 5000 1 1 0.992296918767507 0.2734250677888526 0.6859504132231405 0.08867955363318471 0.323486858764814 0.19975064993597064 0.0 0.0
16 5016 5000 1 1 0.9838935574229691 0.27300489972162567 0.6859504132231405 0.08867955363318471 0.3225569842430904 0.19975064993597064 0.0 0.0
17 5017 5000 1 1 0.9838935574229691 0.27261282827749583 0.6859504132231405 0.08867955363318471 0.322399272299163 0.19975064993597064 0.0 0.0
18 5018 5000 1 1 0.9838935574229691 0.2723644839066349 0.6859504132231405 0.08867955363318471 0.322607190447186 0.19975064993597064 0.0 0.0
19 5019 5000 1 1 0.9705882352941176 0.27169921780019235 0.6859504132231405 0.08867955363318471 0.32114964732405415 0.19975064993597064 0.0 0.0
20 5020 5000 1 1 0.8586550435865504 0.2395913746629375 0.6859504132231405 0.08867955363318471 0.2790068391919432 0.19975064993597064 0.0 0.0
21 5021 5000 1 1 0.8586550435865504 0.22080858347720822 0.6859504132231405 0.08867955363318471 0.26010971483773676 0.19975064993597064 0.0 0.0
22 5022 5000 1 1 0.7595978062157221 0.19057819742490437 0.6859504132231405 0.08867955363318471 0.21553659287258453 0.19975064993597064 0.0 0.0
23 5023 5000 1 1 0.7595978062157221 0.16104171120943758 0.6859504132231405 0.0743529060687148 0.202874128952541 0.19421758023401664 0.0 0.0
24 5024 5000 1 1 0.7595978062157221 0.15504470037371704 0.6859504132231405 0.0743529060687148 0.2028849119525679 0.19421758023401664 0.0 0.0
25 5025 5000 1 1 0.7595978062157221 0.1442948662662187 0.6859504132231405 0.0743529060687148 0.20174085395954777 0.19421758023401664 0.0 0.0
26 5026 5000 1 1 0.7595978062157221 0.11889184628829588 0.0 0.0 0.1882837027913201 0.0 0.0 0.0
27 5027 5000 1 1 0.7595978062157221 0.09896154787836339 0.0 0.0 0.17846092008613307 0.0 0.0 0.0
28 5028 5000 1 1 0.7595978062157221 0.09158134501022767 0.0 0.0 0.175085928482464 0.0 0.0 0.0
29 5029 5000 1 1 0.7595978062157221 0.08558732408347132 0.0 0.0 0.17606382173879978 0.0 0.0 0.0
30 5030 5000 1 1 0.7595978062157221 0.08224923563839286 0.0 0.0 0.1752512768605514 0.0 0.0 0.0
31 5031 5000 1 1 0.7595978062157221 0.07978333847155131 0.0 0.0 0.1752986429081413 0.0 0.0 0.0
32 5032 5000 1 1 0.7595978062157221 0.07713381066462581 0.0 0.0 0.17608228361610487 0.0 0.0 0.0
33 5033 5000 1 1 0.7595978062157221 0.07394867463277446 0.0 0.0 0.17687082020598205 0.0 0.0 0.0
34 5034 5000 1 1 0.7595978062157221 0.06928391001080583 0.0 0.0 0.17752811820758965 0.0 0.0 0.0
35 5035 5000 1 1 0.7595978062157221 0.06674312037324201 0.0 0.0 0.17746675337477785 0.0 0.0 0.0
36 5036 5000 1 1 0.7595978062157221 0.053026882169532275 0.0 0.0 0.17139001904633094 0.0 0.0 0.0
37 5037 5000 1 1 0.25404732254047324 0.015046991858746167 0.0 0.0 0.05577217529323287 0.0 0.0 0.0
38 5038 5000 1 1 0.04689251463445012 0.002344625731722506 0.0 0.0 0.010219986625003502 0.0 0.0 0.0
39 5039 5000 1 1 0.0 0.0 0.0 0.0 0.0 0.0 0.0 0.0
89
