0 0 5000 0 1 0.4364224137931034 0.021821120689655173 0.0 0.0 0.09511605992101149 0.0 0.9968932514396169 0.16666666666666666
1 1 5000 0 1 0.4364224137931034 0.03938996263609048 0.0 0.0 0.1189325067143287 0.0 0.9972750896279945 0.16666666666666666
2 2 5000 0 1 0.4364224137931034 0.04487985970052052 0.0 0.0 0.11952024053962061 0.0 0.9974043834202728 0.2
3 3 5000 0 1 0.4364224137931034 0.04995092358902611 0.0 0.0 0.11965997124024633 0.0 0.9969372966877755 0.16666666666666666
4 4 5000 0 1 0.544888721237269 0.05962651770445425 0.0 0.0 0.14808843186034656 0.0 0.9972750896279945 0.16666666666666666
5 5 5000 0 1 0.544888721237269 0.06965004711621896 0.0 0.0 0.15047856670800272 0.0 0.9968670839952587 0.16666666666666666
6 6 5000 0 1 0.544888721237269 0.07267198722936923 0.0 0.0 0.15168826872936153 0.0 0.9969372966877755 0.2
7 7 5000 0 1 0.6433421350433799 0.07759465791967476 0.0 0.0 0.16768687148919753 0.0 0.9972750896279945 0.16666666666666666
8 8 5000 0 1 0.6433421350433799 0.10792227102419896 0.0 0.0 0.20220752596488464 0.0 0.9975437593718418 0.2
9 9 5000 0 1 0.6433421350433799 0.11233099187420585 0.0 0.0 0.20428601668820737 0.0 0.9969372966877755 0.16666666666666666
10 10 5000 0 1 0.6433421350433799 0.11243814748796939 0.0 0.0 0.20422762052612348 0.0 0.9967906594453282 0.2
11 11 5000 0 1 0.6478687287815919 0.11266447717487997 0.0 0.0 0.20481751128686404 0.0 0.9972750896279945 0.2
12 12 5000 0 1 0.6478687287815919 0.11278176708794745 0.0 0.0 0.20489679974726216 0.0 0.9969372966877755 0.16666666666666666
13 13 5000 0 1 0.6478687287815919 0.11348240403062264 0.0 0.0 0.2045335849001064 0.0 0.9977380049927438 0.2
14 14 5000 0 1 0.6478687287815919 0.11388649885820885 0.0 0.0 0.20431684856386986 0.0 0.9969614400694133 0.2
15 15 5000 0 1 0.6478687287815919 0.11396926889545536 0.0 0.0 0.20427102583153797 0.0 0.9966350136584161 0.2
16 16 5000 0 1 0.6478687287815919 0.11426560510235188 0.0 0.0 0.20474234922407564 0.0 0.9968932514396169 0.2
17 17 5000 0 1 0.6478687287815919 0.1144084792540366 0.0 0.0 0.20466504000717767 0.0 0.9967906594453282 0.16666666666666666
18 18 5000 0 1 0.6478687287815919 0.1147317551161056 0.0 0.0 0.2051872189923123 0.0 0.9968932514396169 0.2
19 19 5000 0 1 0.6478687287815919 0.11483087825754668 0.0 0.0 0.20518529043304634 0.0 0.9974043834202728 0.2
20 20 5000 0 1 0.6478687287815919 0.12559406435112924 0.0 0.0 0.20478728765413504 0.0 0.9967906594453282 0.16666666666666666
21 21 5000 0 1 0.6478687287815919 0.12865050149753468 0.0 0.0 0.20709986921561016 0.0 0.9969372966877755 0.2
22 22 5000 0 1 0.6478687287815919 0.15004058770443124 0.0 0.0 0.21546598360920313 0.0 0.9969614400694133 0.16666666666666666
23 23 5000 0 1 0.6478687287815919 0.15627588182207827 0.0 0.0 0.2186165154464437 0.0 0.9968670839952587 0.2
24 24 5000 0 1 0.9789870689655172 0.18278450251173345 0.0 0.0 0.27686497075643124 0.0 0.9968932514396169 0.16666666666666666
25 25 5000 0 1 0.9789870689655172 0.18561325923865496 0.0 0.0 0.2784705070187394 0.0 0.9969372966877755 0.2
26 26 5000 0 1 0.9789870689655172 0.21107208276806672 0.0 0.0 0.3113951442005809 0.0 0.9968670839952587 0.16666666666666666
27 27 5000 0 1 0.9789870689655172 0.2581442347989741 0.5502471169686985 0.026202243665176123 0.3418376387244638 0.11717999599669411 0.9936937827336348 0.3333333333333333
28 28 5000 0 1 0.9789870689655172 0.2822552261782844 0.5502471169686985 0.026202243665176123 0.3694176160542911 0.11717999599669411 0.9969614400694133 0.16666666666666666
29 29 5000 0 1 0.9789870689655172 0.2867399087764527 0.5502471169686985 0.026202243665176123 0.36649673945505706 0.11717999599669411 0.9963382166458198 0.2
30 30 5000 0 1 0.9789870689655172 0.28788834304324806 0.5502471169686985 0.026202243665176123 0.36563659215033995 0.11717999599669411 0.9966350136584161 0.2
31 31 5000 0 1 0.9840764331210191 0.2922091965415762 0.5733113673805601 0.027300541303836197 0.3720673584393237 0.12209173235583695 0.9936937827336348 0.4
32 32 5000 0 1 0.9840764331210191 0.2953967224143511 0.5733113673805601 0.027300541303836197 0.3729927912462948 0.12209173235583695 0.9969372966877755 0.16666666666666666
33 33 5000 0 1 0.9840764331210191 0.2991028710375122 0.5733113673805601 0.027300541303836197 0.3768251913269942 0.12209173235583695 0.9972750896279945 0.2
34 34 5000 0 1 0.9840764331210191 0.31157260469368653 0.5733113673805601 0.027300541303836197 0.3707993385040199 0.12209173235583695 0.9965136358073693 0.16666666666666666
35 35 5000 0 1 0.9840764331210191 0.3158520025250372 0.5733113673805601 0.027300541303836197 0.36870189108129897 0.12209173235583695 0.9963382166458198 0.16666666666666666
36 36 5000 0 1 0.9840764331210191 0.31871870598853935 0.5733113673805601 0.027300541303836197 0.3698292430730826 0.12209173235583695 0.9969372966877755 0.16666666666666666
37 37 5000 0 1 0.9840764331210191 0.3232507619944347 0.5733113673805601 0.027300541303836197 0.3685970567105996 0.12209173235583695 0.9963382166458198 0.16666666666666666
38 38 5000 0 1 0.9840764331210191 0.33387736045990785 0.5733113673805601 0.027300541303836197 0.36213153054788305 0.12209173235583695 0.9965343915463071 0.16666666666666666
39 39 5000 0 1 0.9840764331210191 0.3354489761284398 0.5733113673805601 0.027300541303836197 0.36170300369142583 0.12209173235583695 0.9967906594453282 0.2
0 5000 5000 1 1 0.9840764331210191 0.31362785543878463 0.5733113673805601 0.027300541303836197 0.33435113720446696 0.12209173235583695 0.0 0.0
1 5001 5000 1 1 0.9840764331210191 0.2960590134923493 0.5733113673805601 0.027300541303836197 0.3214130413691218 0.12209173235583695 0.0 0.0
2 5002 5000 1 1 0.9840764331210191 0.29056911642791927 0.5733113673805601 0.027300541303836197 0.3244498913987677 0.12209173235583695 0.0 0.0
3 5003 5000 1 1 0.9840764331210191 0.2854980525394137 0.5733113673805601 0.027300541303836197 0.3220587258669016 0.12209173235583695 0.0 0.0
4 5004 5000 1 1 0.9840764331210191 0.27582245842398556 0.5733113673805601 0.027300541303836197 0.32226299323325497 0.12209173235583695 0.0 0.0
5 5005 5000 1 1 0.9840764331210191 0.26579892901222085 0.5733113673805601 0.027300541303836197 0.307515032251572 0.12209173235583695 0.0 0.0
6 5006 5000 1 1 0.9840764331210191 0.26277698889907064 0.5733113673805601 0.027300541303836197 0.30657768211795655 0.12209173235583695 0.0 0.0
7 5007 5000 1 1 0.9840764331210191 0.2578543182087651 0.5733113673805601 0.027300541303836197 0.3086969162229841 0.12209173235583695 0.0 0.0
8 5008 5000 1 1 0.9840764331210191 0.2275267051042409 0.5733113673805601 0.027300541303836197 0.30268622637401393 0.12209173235583695 0.0 0.0
9 5009 5000 1 1 0.9840764331210191 0.223117984254234 0.5733113673805601 0.027300541303836197 0.30181251561645966 0.12209173235583695 0.0 0.0
10 5010 5000 1 1 0.9840764331210191 0.22301082864047048 0.5733113673805601 0.027300541303836197 0.30180273030930727 0.12209173235583695 0.0 0.0
11 5011 5000 1 1 0.9840764331210191 0.22278449895355984 0.5733113673805601 0.027300541303836197 0.30191258300744683 0.12209173235583695 0.0 0.0
12 5012 5000 1 1 0.9840764331210191 0.22266720904049236 0.5733113673805601 0.027300541303836197 0.3019058871162461 0.12209173235583695 0.0 0.0
13 5013 5000 1 1 0.9700636942675159 0.22196657209781717 0.5733113673805601 0.027300541303836197 0.30014921083364854 0.12209173235583695 0.0 0.0
14 5014 5000 1 1 0.9700636942675159 0.22156247727023098 0.5733113673805601 0.027300541303836197 0.29921570931706576 0.12209173235583695 0.0 0.0
15 5015 5000 1 1 0.9700636942675159 0.22147970723298446 0.5733113673805601 0.027300541303836197 0.299270399579987 0.12209173235583695 0.0 0.0
16 5016 5000 1 1 0.9700636942675159 0.22118337102608793 0.5733113673805601 0.027300541303836197 0.2989550841873074 0.12209173235583695 0.0 0.0
17 5017 5000 1 1 0.9700636942675159 0.22104049687440322 0.5733113673805601 0.027300541303836197 0.2989421741531934 0.12209173235583695 0.0 0.0
18 5018 5000 1 1 0.9700636942675159 0.22071722101233426 0.5733113673805601 0.027300541303836197 0.29860401715419943 0.12209173235583695 0.0 0.0
19 5019 5000 1 1 0.9700636942675159 0.22061809787089315 0.5733113673805601 0.027300541303836197 0.29865774922345456 0.12209173235583695 0.0 0.0
20 5020 5000 1 1 0.9700636942675159 0.20985491177731058 0.5733113673805601 0.027300541303836197 0.30139038655588585 0.12209173235583695 0.0 0.0
21 5021 5000 1 1 0.9700636942675159 0.20679847463090514 0.5733113673805601 0.027300541303836197 0.30139142703819394 0.12209173235583695 0.0 0.0
22 5022 5000 1 1 0.9700636942675159 0.1854083884240086 0.5733113673805601 0.027300541303836197 0.26352602865664554 0.12209173235583695 0.0 0.0
23 5023 5000 1 1 0.9700636942675159 0.17917309430636155 0.5733113673805601 0.027300541303836197 0.25414942965849324 0.12209173235583695 0.0 0.0
24 5024 5000 1 1 0.9700636942675159 0.15266447361670638 0.5733113673805601 0.027300541303836197 0.24358643106098377 0.12209173235583695 0.0 0.0
25 5025 5000 1 1 0.9700636942675159 0.1498357168897849 0.5733113673805601 0.027300541303836197 0.24360823852029886 0.12209173235583695 0.0 0.0
26 5026 5000 1 1 0.9700636942675159 0.12437689336037312 0.5733113673805601 0.027300541303836197 0.23100448138256188 0.12209173235583695 0.0 0.0
27 5027 5000 1 1 0.4822198275862069 0.07730474132946574 0.023064250411861616 0.001098297638660077 0.12618721032120916 0.004911736359142866 0.0 0.0
28 5028 5000 1 1 0.2659227287082851 0.0531937499501554 0.023064250411861616 0.001098297638660077 0.08627202293351807 0.004911736359142866 0.0 0.0
29 5029 5000 1 1 0.24939467312348668 0.04870906735198716 0.023064250411861616 0.001098297638660077 0.07692173441125758 0.004911736359142866 0.0 0.0
30 5030 5000 1 1 0.24939467312348668 0.047560633085191734 0.023064250411861616 0.001098297638660077 0.07746699053383471 0.004911736359142866 0.0 0.0
31 5031 5000 1 1 0.24939467312348668 0.043239779586863626 0.0 0.0 0.07815828177166965 0.0 0.0 0.0
32 5032 5000 1 1 0.24939467312348668 0.04005225371408868 0.0 0.0 0.07619382152426052 0.0 0.0 0.0
33 5033 5000 1 1 0.24939467312348668 0.03634610509092761 0.0 0.0 0.0762491400504207 0.0 0.0 0.0
34 5034 5000 1 1 0.21253196930946291 0.02387637143475328 0.0 0.0 0.05877928590669152 0.0 0.0 0.0
35 5035 5000 1 1 0.21253196930946291 0.01959697360340261 0.0 0.0 0.04999000348541213 0.0 0.0 0.0
36 5036 5000 1 1 0.21253196930946291 0.01673027013990047 0.0 0.0 0.049384006611218036 0.0 0.0 0.0
37 5037 5000 1 1 0.21253196930946291 0.012198214134005115 0.0 0.0 0.046466062745410056 0.0 0.0 0.0
38 5038 5000 1 1 0.03143231337063936 0.0015716156685319682 0.0 0.0 0.006850513877215968 0.0 0.0 0.0
39 5039 5000 1 1 0.0 0.0 0.0 0.0 0.0 0.0 0.0 0.0
72
