0 0 5000 0 1 0.36904761904761907 0.018452380952380953 0.0 0.0 0.08043206383914336 0.0 0.9970856177798150 0.2
1 1 5000 0 1 0.36904761904761907 0.024559251181388585 0.0 0.0 0.08338181886672952 0.0 0.9977218033263225 0.16666666666666666
2 2 5000 0 1 0.36904761904761907 0.02821184858398599 0.0 0.0 0.08382485008216896 0.0 0.9969230473492353 0.16666666666666666
3 3 5000 0 1 0.36904761904761907 0.036633920219997604 0.0 0.0 0.08887685634618793 0.0 0.9975944287779514 0.2
4 4 5000 0 1 0.5387221684414327 0.055147957006057624 0.0 0.0 0.13889670791056868 0.0 0.9975944287779514 0.16666666666666666
5 5 5000 0 1 0.5387221684414327 0.06191245235323014 0.0 0.0 0.13933990390402598 0.0 0.9972203645522299 0.2
6 6 5000 0 1 0.5387221684414327 0.08018656402835704 0.0 0.0 0.15328972136448216 0.0 0.9977046063188952 0.16666666666666666
7 7 5000 0 1 0.5387221684414327 0.1047599428679475 0.0 0.0 0.17615333391355212 0.0 0.9972252099822180 0.2
8 8 5000 0 1 0.5387221684414327 0.1080994604931794 0.0 0.0 0.1761536642116117 0.0 0.9969230473492353 0.2
9 9 5000 0 1 0.9380445304937076 0.12806557859579315 0.0 0.0 0.23622047471369723 0.0 0.9975944287779514 0.16666666666666666
10 10 5000 0 1 0.9380445304937076 0.12859303748502676 0.0 0.0 0.23704167976815554 0.0 0.9972252099822180 0.16666666666666666
11 11 5000 0 1 0.9380445304937076 0.12877898385417924 0.0 0.0 0.23703800136117867 0.0 0.9977218033263225 0.16666666666666666
12 12 5000 0 1 0.9380445304937076 0.12916389532454103 0.0 0.0 0.23683473574036482 0.0 0.9969059116900921 0.16666666666666666
13 13 5000 0 1 0.9380445304937076 0.1295933870926155 0.0 0.0 0.23685324358498733 0.0 0.9972203645522299 0.16666666666666666
14 14 5000 0 1 0.9380445304937076 0.12975573673470833 0.0 0.0 0.23676545547740838 0.0 0.9977245769794343 0.16666666666666666
15 15 5000 0 1 0.9380445304937076 0.13025216863045763 0.0 0.0 0.2375545576092814 0.0 0.9972252099822180 0.16666666666666666
16 16 5000 0 1 0.9380445304937076 0.1303372026440631 0.0 0.0 0.23755827958765124 0.0 0.9969230473492353 0.2
17 17 5000 0 1 0.9380445304937076 0.13120014680649963 0.0 0.0 0.23844059856487826 0.0 0.9977046063188952 0.16666666666666666
18 18 5000 0 1 0.9486931268151017 0.13173257662256932 0.0 0.0 0.2402467090435498 0.0 0.9975944287779514 0.2
19 19 5000 0 1 0.9486931268151017 0.13262543376542646 0.0 0.0 0.24115846398458182 0.0 0.9970856177798150 0.2
20 20 5000 0 1 0.9486931268151017 0.1421712382303995 0.0 0.0 0.23979922580331933 0.0 0.9969059116900921 0.2
21 21 5000 0 1 0.9519081600992864 0.166713905872877 0.23882896764252695 0.011941448382126348 0.28791463857413524 0.05205156673719602 0.9942513699763948 0.3333333333333333
22 22 5000 0 1 0.9519081600992864 0.17630809424963048 0.23882896764252695 0.011941448382126348 0.2853853367482314 0.05205156673719602 0.9968618877859912 0.2
23 23 5000 0 1 0.9519081600992864 0.17930418309916188 0.23882896764252695 0.011941448382126348 0.283863227590264 0.05205156673719602 0.9977245769794343 0.2
24 24 5000 0 1 0.9519081600992864 0.18961981050485857 0.23882896764252695 0.011941448382126348 0.28809469886274147 0.05205156673719602 0.9969059116900921 0.2
25 25 5000 0 1 0.9593417231364957 0.19322524873744815 0.23882896764252695 0.013668571130511984 0.2896709911022628 0.05199398382129215 0.9932338737745945 0.2
26 26 5000 0 1 0.9593417231364957 0.2066035856506117 0.23882896764252695 0.013668571130511984 0.28660048186171727 0.05199398382129215 0.9966477295427597 0.2
27 27 5000 0 1 0.9593417231364957 0.23100238324580208 0.23882896764252695 0.013668571130511984 0.3045197360359762 0.05199398382129215 0.9968618877859912 0.16666666666666666
28 28 5000 0 1 0.9593417231364957 0.23938954315967953 0.23882896764252695 0.013668571130511984 0.30690335317960765 0.05199398382129215 0.9977218033263225 0.16666666666666666
29 29 5000 0 1 0.9593417231364957 0.2529185338540246 0.23882896764252695 0.013668571130511984 0.3083553209754418 0.05199398382129215 0.9972203645522299 0.2
30 30 5000 0 1 0.9593417231364957 0.2694363909968817 0.23882896764252695 0.013668571130511984 0.32356342069093247 0.05199398382129215 0.9970856177798150 0.2
31 31 5000 0 1 0.9593417231364957 0.27218157585408786 0.23882896764252695 0.013668571130511984 0.32203103339121986 0.05199398382129215 0.9977245769794343 0.16666666666666666
32 32 5000 0 1 0.9593417231364957 0.27561669035790465 0.23882896764252695 0.013668571130511984 0.32380118644961975 0.05199398382129215 0.9977218033263225 0.16666666666666666
33 33 5000 0 1 0.9593417231364957 0.2786114055663603 0.23882896764252695 0.013668571130511984 0.3258983246128707 0.05199398382129215 0.9977218033263225 0.16666666666666666
34 34 5000 0 1 0.9593417231364957 0.2920330233186867 0.23882896764252695 0.013668571130511984 0.3365694260093882 0.05199398382129215 0.9972203645522299 0.16666666666666666
35 35 5000 0 1 0.9593417231364957 0.29351570094640256 0.23882896764252695 0.013668571130511984 0.3376979220900878 0.05199398382129215 0.9977218033263225 0.2
36 36 5000 0 1 0.9593417231364957 0.30250047252000656 0.23882896764252695 0.013668571130511984 0.34231129520870796 0.05199398382129215 0.9977046063188952 0.2
37 37 5000 0 1 0.9593417231364957 0.3040078936702849 0.23882896764252695 0.013668571130511984 0.3416649461459027 0.05199398382129215 0.9969230473492353 0.2
38 38 5000 0 1 0.9593417231364957 0.3067212517407858 0.23882896764252695 0.013668571130511984 0.3408178037047434 0.05199398382129215 0.9969230473492353 0.16666666666666666
39 39 5000 0 1 0.9593417231364957 0.3104411916205453 0.23882896764252695 0.013668571130511984 0.34524745003681273 0.05199398382129215 0.9968618877859912 0.2
0 5000 5000 1 1 0.9593417231364957 0.29198881066816434 0.23882896764252695 0.013668571130511984 0.33264319787715213 0.05199398382129215 0.0 0.0
1 5001 5000 1 1 0.9593417231364957 0.2858819404391567 0.23882896764252695 0.013668571130511984 0.328687326245119 0.05199398382129215 0.0 0.0
2 5002 5000 1 1 0.9593417231364957 0.28222934303655933 0.23882896764252695 0.013668571130511984 0.32973716540795395 0.05199398382129215 0.0 0.0
3 5003 5000 1 1 0.9519081600992864 0.2738072714005477 0.23882896764252695 0.013668571130511984 0.314116084961927 0.05199398382129215 0.0 0.0
4 5004 5000 1 1 0.9519081600992864 0.2552932346144877 0.23882896764252695 0.013668571130511984 0.29331651519179935 0.05199398382129215 0.0 0.0
5 5005 5000 1 1 0.9519081600992864 0.24852873926731517 0.23882896764252695 0.013668571130511984 0.28481399037975436 0.05199398382129215 0.0 0.0
6 5006 5000 1 1 0.9519081600992864 0.23025462759218826 0.23882896764252695 0.013668571130511984 0.2756649350129791 0.05199398382129215 0.0 0.0
7 5007 5000 1 1 0.7542585170340681 0.2056812487525978 0.23882896764252695 0.013668571130511984 0.22802936896273981 0.05199398382129215 0.0 0.0
8 5008 5000 1 1 0.7542585170340681 0.20234173112736592 0.23882896764252695 0.013668571130511984 0.2292635424909117 0.05199398382129215 0.0 0.0
9 5009 5000 1 1 0.7542585170340681 0.18237561302475216 0.23882896764252695 0.013668571130511984 0.2267591715368459 0.05199398382129215 0.0 0.0
10 5010 5000 1 1 0.7542585170340681 0.18184815413551852 0.23882896764252695 0.013668571130511984 0.22612313512790608 0.05199398382129215 0.0 0.0
11 5011 5000 1 1 0.7542585170340681 0.18166220776636605 0.23882896764252695 0.013668571130511984 0.22591050697966145 0.05199398382129215 0.0 0.0
12 5012 5000 1 1 0.7542585170340681 0.18127729629600425 0.23882896764252695 0.013668571130511984 0.22553602348045232 0.05199398382129215 0.0 0.0
13 5013 5000 1 1 0.7542585170340681 0.18084780452792978 0.23882896764252695 0.013668571130511984 0.22484513736062328 0.05199398382129215 0.0 0.0
14 5014 5000 1 1 0.7542585170340681 0.18068545488583695 0.23882896764252695 0.013668571130511984 0.22489157319162598 0.05199398382129215 0.0 0.0
15 5015 5000 1 1 0.7542585170340681 0.18018902299008765 0.23882896764252695 0.013668571130511984 0.22430697113481846 0.05199398382129215 0.0 0.0
16 5016 5000 1 1 0.7542585170340681 0.18010398897648222 0.23882896764252695 0.013668571130511984 0.22434293715867454 0.05199398382129215 0.0 0.0
17 5017 5000 1 1 0.7542585170340681 0.17924104481404565 0.23882896764252695 0.013668571130511984 0.22430965305227213 0.05199398382129215 0.0 0.0
18 5018 5000 1 1 0.7542585170340681 0.17870861499797594 0.23882896764252695 0.013668571130511984 0.22469622745703643 0.05199398382129215 0.0 0.0
19 5019 5000 1 1 0.7542585170340681 0.1778157578551188 0.23882896764252695 0.013668571130511984 0.22405546772928803 0.05199398382129215 0.0 0.0
20 5020 5000 1 1 0.7542585170340681 0.16826995339014575 0.23882896764252695 0.013668571130511984 0.21850224942424862 0.05199398382129215 0.0 0.0
21 5021 5000 1 1 0.7542585170340681 0.1437272857476683 0.026442307692307692 0.0017271227483856351 0.20885604974835964 0.0059377982544799495 0.0 0.0
22 5022 5000 1 1 0.562374749498998 0.13413309737091478 0.026442307692307692 0.0017271227483856351 0.18345208309623345 0.0059377982544799495 0.0 0.0
23 5023 5000 1 1 0.562374749498998 0.13113700852138338 0.026442307692307692 0.0017271227483856351 0.18423060527832075 0.0059377982544799495 0.0 0.0
24 5024 5000 1 1 0.562374749498998 0.1208213811156867 0.026442307692307692 0.0017271227483856351 0.18550412775727812 0.0059377982544799495 0.0 0.0
25 5025 5000 1 1 0.562374749498998 0.11721594288309714 0.0 0.0 0.18185684604290311 0.0 0.0 0.0
26 5026 5000 1 1 0.562374749498998 0.1038376059699336 0.0 0.0 0.1801378453680297 0.0 0.0 0.0
27 5027 5000 1 1 0.5390121689334287 0.07943880837474322 0.0 0.0 0.14623562692409003 0.0 0.0 0.0
28 5028 5000 1 1 0.5390121689334287 0.07105164846086576 0.0 0.0 0.1363290816562882 0.0 0.0 0.0
29 5029 5000 1 1 0.33035714285714285 0.05752265776652073 0.0 0.0 0.09695973208814257 0.0 0.0 0.0
30 5030 5000 1 1 0.2684323550465283 0.04100480062366359 0.0 0.0 0.0746448929070537 0.0 0.0 0.0
31 5031 5000 1 1 0.2684323550465283 0.03825961576645747 0.0 0.0 0.07509150893869612 0.0 0.0 0.0
32 5032 5000 1 1 0.2684323550465283 0.03482450126264068 0.0 0.0 0.07098290293568028 0.0 0.0 0.0
33 5033 5000 1 1 0.2684323550465283 0.03182978605418501 0.0 0.0 0.0698656485254325 0.0 0.0 0.0
34 5034 5000 1 1 0.17969543147208122 0.018408168301858596 0.0 0.0 0.04418921816590148 0.0 0.0 0.0
35 5035 5000 1 1 0.17969543147208122 0.016925490674142802 0.0 0.0 0.04428440773938514 0.0 0.0 0.0
36 5036 5000 1 1 0.08441558441558442 0.00794071910053874 0.0 0.0 0.023874747725537906 0.0 0.0 0.0
37 5037 5000 1 1 0.07439879759519039 0.006433297950260447 0.0 0.0 0.019560622997203604 0.0 0.0 0.0
38 5038 5000 1 1 0.07439879759519039 0.0037199398797595194 0.0 0.0 0.01621484201191859 0.0 0.0 0.0
39 5039 5000 1 1 0.0 0.0 0.0 0.0 0.0 0.0 0.0 0.0
86
