0 0 5000 0 1 0.1678115799803729 0.008390578999018645 0.0 0.0 0.03657368593451693 0.0 0.9968847213429500 0.16666666666666666
1 1 5000 0 1 0.8520710059171598 0.050994129294876636 0.0 0.0 0.1873736509023264 0.0 0.9972324973699077 0.2
2 2 5000 0 1 0.8520710059171598 0.05661647724395726 0.0 0.0 0.1874461968371313 0.0 0.9969979788283592 0.2
3 3 5000 0 1 0.8520710059171598 0.0728741459556137 0.0 0.0 0.1957475335584576 0.0 0.9971244820175309 0.2
4 4 5000 0 1 0.8520710059171598 0.07519953957692979 0.0 0.0 0.19514332271507134 0.0 0.9961845889350012 0.2
5 5 5000 0 1 0.8520710059171598 0.0788842202379392 0.0 0.0 0.19438288088662886 0.0 0.9957558743636377 0.16666666666666666
6 6 5000 0 1 0.8520710059171598 0.09643819472272819 0.0 0.0 0.21624398251433924 0.0 0.9968847213429500 0.2
7 7 5000 0 1 0.8520710059171598 0.10796941530634915 0.0 0.0 0.21694186248026975 0.0 0.9960934412431748 0.16666666666666666
8 8 5000 0 1 0.8520710059171598 0.11209993988297037 0.0 0.0 0.21562929875552403 0.0 0.9974164298910668 0.2
9 9 5000 0 1 0.8520710059171598 0.12755626961800473 0.0 0.0 0.2522103380141747 0.0 0.9968847213429500 0.2
10 10 5000 0 1 0.8710059171597633 0.1285030151801349 0.0 0.0 0.2549489106464889 0.0 0.9972324973699077 0.2
11 11 5000 0 1 0.8710059171597633 0.12877288760407996 0.0 0.0 0.2556910054326078 0.0 0.9968847213429500 0.16666666666666666
12 12 5000 0 1 0.8710059171597633 0.12918515248426546 0.0 0.0 0.25548961322385816 0.0 0.9972672183893913 0.16666666666666666
13 13 5000 0 1 0.8710059171597633 0.12932283663681948 0.0 0.0 0.255465217713529 0.0 0.9974164298910668 0.16666666666666666
14 14 5000 0 1 0.8710059171597633 0.12983408408058228 0.0 0.0 0.25586652631784546 0.0 0.9971244820175309 0.16666666666666666
15 15 5000 0 1 0.8710059171597633 0.13136358153141986 0.0 0.0 0.2551763417232969 0.0 0.9956926253611333 0.16666666666666666
16 16 5000 0 1 0.8710059171597633 0.13190891213810016 0.0 0.0 0.2556230166961059 0.0 0.9971244820175309 0.16666666666666666
17 17 5000 0 1 0.8710059171597633 0.1321787845620452 0.0 0.0 0.2563652566433229 0.0 0.9968847213429500 0.2
18 18 5000 0 1 0.8710059171597633 0.1325360869291734 0.0 0.0 0.2562884637827495 0.0 0.9957558743636377 0.16666666666666666
19 19 5000 0 1 0.8710059171597633 0.13337701194669266 0.0 0.0 0.25587947707562 0.0 0.9964266272878252 0.16666666666666666
20 20 5000 0 1 0.8710059171597633 0.14032089567701161 0.0 0.0 0.2553116160367006 0.0 0.9961845889350012 0.16666666666666666
21 21 5000 0 1 0.8710059171597633 0.15400547842100032 0.0 0.0 0.2607282554494589 0.0 0.9969979788283592 0.2
22 22 5000 0 1 0.8710059171597633 0.18119538732079005 0.0 0.0 0.27306693701611295 0.0 0.9964266272878252 0.2
23 23 5000 0 1 0.8710059171597633 0.2083033009898548 0.0 0.0 0.2805420377487342 0.0 0.9953088343443376 0.16666666666666666
24 24 5000 0 1 0.8710059171597633 0.2203346574997389 0.0 0.0 0.29116037618657975 0.0 0.9971244820175309 0.2
25 25 5000 0 1 0.9747301275760549 0.23181605955562928 0.14092563702548103 0.007417138790814791 0.30388606182482164 0.03146825481592157 0.9938986779863723 0.3333333333333333
26 26 5000 0 1 0.9747301275760549 0.24270404198424553 0.14092563702548103 0.007417138790814791 0.3075275668211285 0.03146825481592157 0.9960934412431748 0.2
27 27 5000 0 1 0.9747301275760549 0.24863822895932466 0.14092563702548103 0.007417138790814791 0.30557308928862187 0.03146825481592157 0.9974164298910668 0.2
28 28 5000 0 1 0.9747301275760549 0.27443055052593124 0.14092563702548103 0.007417138790814791 0.3059639889035558 0.03146825481592157 0.9972672183893913 0.16666666666666666
29 29 5000 0 1 0.9897750511247444 0.29814389642970884 0.5259365994236311 0.03509801244469011 0.3357377045734437 0.11988235520721441 0.9940335536731889 0.3333333333333333
30 30 5000 0 1 0.9897750511247444 0.3004156849468505 0.5259365994236311 0.03509801244469011 0.3352466753990431 0.11988235520721441 0.9974164298910668 0.2
31 31 5000 0 1 0.9897750511247444 0.3045125671936941 0.5259365994236311 0.03509801244469011 0.33844052155760296 0.11988235520721441 0.9972672183893913 0.2
32 32 5000 0 1 0.9897750511247444 0.3152343611670648 0.5259365994236311 0.03509801244469011 0.3495968508401405 0.11988235520721441 0.9964266272878252 0.2
33 33 5000 0 1 0.9897750511247444 0.32297834985164753 0.5259365994236311 0.03509801244469011 0.35278256679241204 0.11988235520721441 0.9969979788283592 0.2
34 34 5000 0 1 0.9897750511247444 0.3338035773383121 0.5259365994236311 0.03509801244469011 0.3597181613034425 0.11988235520721441 0.9960934412431748 0.16666666666666666
35 35 5000 0 1 0.9897750511247444 0.34706383193520035 0.5259365994236311 0.03509801244469011 0.3717975935081176 0.11988235520721441 0.9969979788283592 0.16666666666666666
36 36 5000 0 1 0.9897750511247444 0.35208241929579515 0.5259365994236311 0.03509801244469011 0.37112337532335526 0.11988235520721441 0.9974164298910668 0.16666666666666666
37 37 5000 0 1 0.9897750511247444 0.35520716697443866 0.5259365994236311 0.03509801244469011 0.36996797874298004 0.11988235520721441 0.9961845889350012 0.16666666666666666
38 38 5000 0 1 0.9897750511247444 0.36604169934853936 0.5259365994236311 0.03509801244469011 0.37836188453408925 0.11988235520721441 0.9953088343443376 0.16666666666666666
39 39 5000 0 1 0.9897750511247444 0.3680656563910838 0.5259365994236311 0.03509801244469011 0.3783781530258262 0.11988235520721441 0.9974164298910668 0.2
0 5000 5000 1 1 0.9897750511247444 0.35967507739206517 0.5259365994236311 0.03509801244469011 0.36650665593863574 0.11988235520721441 0.0 0.0
1 5001 5000 1 1 0.9897750511247444 0.3170715270962072 0.5259365994236311 0.03509801244469011 0.3538987115065707 0.11988235520721441 0.0 0.0
2 5002 5000 1 1 0.9897750511247444 0.31144917914712655 0.5259365994236311 0.03509801244469011 0.34690710310700174 0.11988235520721441 0.0 0.0
3 5003 5000 1 1 0.806918547595682 0.2951915104354701 0.5259365994236311 0.03509801244469011 0.3214194574424489 0.11988235520721441 0.0 0.0
4 5004 5000 1 1 0.806918547595682 0.29286611681415403 0.5259365994236311 0.03509801244469011 0.32192117469644377 0.11988235520721441 0.0 0.0
5 5005 5000 1 1 0.806918547595682 0.2891814361531446 0.5259365994236311 0.03509801244469011 0.3247363589802977 0.11988235520721441 0.0 0.0
6 5006 5000 1 1 0.775052557813595 0.27162746166835566 0.5259365994236311 0.03509801244469011 0.3051748894316819 0.11988235520721441 0.0 0.0
7 5007 5000 1 1 0.775052557813595 0.26009624108473467 0.5259365994236311 0.03509801244469011 0.2942593464245438 0.11988235520721441 0.0 0.0
8 5008 5000 1 1 0.775052557813595 0.2559657165081134 0.5259365994236311 0.03509801244469011 0.29297921621354306 0.11988235520721441 0.0 0.0
9 5009 5000 1 1 0.775052557813595 0.24050938677307906 0.5259365994236311 0.03509801244469011 0.2901676567817249 0.11988235520721441 0.0 0.0
10 5010 5000 1 1 0.775052557813595 0.2395626412109489 0.5259365994236311 0.03509801244469011 0.29091897250094456 0.11988235520721441 0.0 0.0
11 5011 5000 1 1 0.775052557813595 0.23929276878700384 0.5259365994236311 0.03509801244469011 0.291007470277984 0.11988235520721441 0.0 0.0
12 5012 5000 1 1 0.775052557813595 0.23888050390681834 0.5259365994236311 0.03509801244469011 0.2904930150567796 0.11988235520721441 0.0 0.0
13 5013 5000 1 1 0.775052557813595 0.2387428197542643 0.5259365994236311 0.03509801244469011 0.2904610036463408 0.11988235520721441 0.0 0.0
14 5014 5000 1 1 0.775052557813595 0.23823157231050152 0.5259365994236311 0.03509801244469011 0.2897190048825547 0.11988235520721441 0.0 0.0
15 5015 5000 1 1 0.775052557813595 0.23670207485966394 0.5259365994236311 0.03509801244469011 0.29088953976339393 0.11988235520721441 0.0 0.0
16 5016 5000 1 1 0.775052557813595 0.23615674425298364 0.5259365994236311 0.03509801244469011 0.2901151690458017 0.11988235520721441 0.0 0.0
17 5017 5000 1 1 0.775052557813595 0.2358868718290386 0.5259365994236311 0.03509801244469011 0.29020576396194003 0.11988235520721441 0.0 0.0
18 5018 5000 1 1 0.775052557813595 0.23552956946191045 0.5259365994236311 0.03509801244469011 0.29049142904305897 0.11988235520721441 0.0 0.0
19 5019 5000 1 1 0.7588489208633094 0.23468864444439114 0.5259365994236311 0.03509801244469011 0.2889486278448677 0.11988235520721441 0.0 0.0
20 5020 5000 1 1 0.7588489208633094 0.2277447607140722 0.5259365994236311 0.03509801244469011 0.2913247801406199 0.11988235520721441 0.0 0.0
21 5021 5000 1 1 0.7588489208633094 0.21406017797008353 0.5259365994236311 0.03509801244469011 0.2750878322648222 0.11988235520721441 0.0 0.0
22 5022 5000 1 1 0.7588489208633094 0.18687026907029378 0.5259365994236311 0.03509801244469011 0.2452096466610375 0.11988235520721441 0.0 0.0
23 5023 5000 1 1 0.643490115882754 0.15976235540122902 0.5259365994236311 0.03509801244469011 0.20755581339780516 0.11988235520721441 0.0 0.0
24 5024 5000 1 1 0.5977840762690029 0.14773099889134492 0.5259365994236311 0.03509801244469011 0.18490519366678992 0.11988235520721441 0.0 0.0
25 5025 5000 1 1 0.5977840762690029 0.1362495968354545 0.5259365994236311 0.027680873653875324 0.1881981256644203 0.11744000081893971 0.0 0.0
26 5026 5000 1 1 0.5977840762690029 0.1253616144068383 0.5259365994236311 0.027680873653875324 0.17658254183524433 0.11744000081893971 0.0 0.0
27 5027 5000 1 1 0.5977840762690029 0.11942742743175912 0.5259365994236311 0.027680873653875324 0.17239143482124997 0.11744000081893971 0.0 0.0
28 5028 5000 1 1 0.4200848656294201 0.09363510586515254 0.5259365994236311 0.027680873653875324 0.13297587361311003 0.11744000081893971 0.0 0.0
29 5029 5000 1 1 0.4200848656294201 0.069921759961375 0.0 0.0 0.11485298497495086 0.0 0.0 0.0
30 5030 5000 1 1 0.4200848656294201 0.06764997144423332 0.0 0.0 0.11296262530480615 0.0 0.0 0.0
31 5031 5000 1 1 0.4200848656294201 0.06355308919738972 0.0 0.0 0.11385248931287446 0.0 0.0 0.0
32 5032 5000 1 1 0.4200848656294201 0.05283129522401901 0.0 0.0 0.10913799244110158 0.0 0.0 0.0
33 5033 5000 1 1 0.2652050919377652 0.045087306539436274 0.0 0.0 0.08580503633867789 0.0 0.0 0.0
34 5034 5000 1 1 0.2652050919377652 0.0342620790527717 0.0 0.0 0.07666660556124671 0.0 0.0 0.0
35 5035 5000 1 1 0.2166906474820144 0.021001824455883437 0.0 0.0 0.05562279028725991 0.0 0.0 0.0
36 5036 5000 1 1 0.2166906474820144 0.015983237095288642 0.0 0.0 0.0486773763731118 0.0 0.0 0.0
37 5037 5000 1 1 0.2166906474820144 0.012858489416645122 0.0 0.0 0.047584967452253824 0.0 0.0 0.0
38 5038 5000 1 1 0.040479140850888065 0.002023957042544403 0.0 0.0 0.008822224214518505 0.0 0.0 0.0
39 5039 5000 1 1 0.0 0.0 0.0 0.0 0.0 0.0 0.0 0.0
71
