0 0 5000 0 1 0.29117131163515886 0.014558565581757943 0.0 0.0 0.06345931613379227 0.0 0.9971199967329993 0.16666666666666666
1 1 5000 0 1 0.29117131163515886 0.01848729035633931 0.0 0.0 0.06485332912299512 0.0 0.9974214125725509 0.2
2 2 5000 0 1 0.6418816388467374 0.05058137229867619 0.0 0.0 0.15029923783528149 0.0 0.9971214202494198 0.16666666666666666
3 3 5000 0 1 0.6418816388467374 0.0637844637542365 0.0 0.0 0.16322120965379172 0.0 0.9974214125725509 0.2
4 4 5000 0 1 0.7870330613997424 0.08600430059408193 0.0 0.0 0.2200317041167726 0.0 0.9974214125725509 0.16666666666666666
5 5 5000 0 1 0.9150227617602428 0.105976325554726 0.162748643761302 0.0081374321880651 0.25814727655806446 0.03547024456769082 0.9930069129294523 0.3333333333333333
6 6 5000 0 1 0.9150227617602428 0.11720220744909357 0.162748643761302 0.0081374321880651 0.2705408629736021 0.03547024456769082 0.9971199967329993 0.2
7 7 5000 0 1 0.9150227617602428 0.12233415281442975 0.162748643761302 0.0081374321880651 0.2692393141598629 0.03547024456769082 0.9967894518435559 0.2
8 8 5000 0 1 0.9150227617602428 0.13262521310549005 0.162748643761302 0.0081374321880651 0.2731000430493304 0.03547024456769082 0.9971451968403555 0.16666666666666666
9 9 5000 0 1 0.9150227617602428 0.14090451922078703 0.162748643761302 0.0081374321880651 0.2714589017199427 0.03547024456769082 0.9975868270544868 0.2
10 10 5000 0 1 0.9150227617602428 0.1412480142830455 0.162748643761302 0.0081374321880651 0.272279380488022 0.03547024456769082 0.9974214125725509 0.16666666666666666
11 11 5000 0 1 0.9150227617602428 0.14177230648856806 0.162748643761302 0.0081374321880651 0.2720168622293322 0.03547024456769082 0.9970364957097450 0.16666666666666666
12 12 5000 0 1 0.9150227617602428 0.14192600330138155 0.162748643761302 0.0081374321880651 0.2719375705291227 0.03547024456769082 0.9978151900916305 0.16666666666666666
13 13 5000 0 1 0.9150227617602428 0.14224057862469505 0.162748643761302 0.0081374321880651 0.2717889379632301 0.03547024456769082 0.9970364957097450 0.2
14 14 5000 0 1 0.9150227617602428 0.14237318703206808 0.162748643761302 0.0081374321880651 0.27177022994592215 0.03547024456769082 0.9967894518435559 0.2
15 15 5000 0 1 0.9150227617602428 0.14289114283317306 0.162748643761302 0.0081374321880651 0.27150813824744807 0.03547024456769082 0.9969517305072830 0.2
16 16 5000 0 1 0.9150227617602428 0.1433745682475377 0.162748643761302 0.0081374321880651 0.2712802439123309 0.03547024456769082 0.9969517305072830 0.16666666666666666
17 17 5000 0 1 0.9150227617602428 0.14358895140871486 0.162748643761302 0.0081374321880651 0.2715759191235643 0.03547024456769082 0.9971199967329993 0.2
18 18 5000 0 1 0.9150227617602428 0.14379685161661507 0.162748643761302 0.0081374321880651 0.27172171905404013 0.03547024456769082 0.9971451968403555 0.2
19 19 5000 0 1 0.9150227617602428 0.1443838681912007 0.162748643761302 0.0081374321880651 0.27146626053838563 0.03547024456769082 0.9969517305072830 0.16666666666666666
20 20 5000 0 1 0.9150227617602428 0.16003131869058743 0.162748643761302 0.0081374321880651 0.28108622251837717 0.03547024456769082 0.9975868270544868 0.16666666666666666
21 21 5000 0 1 0.9150227617602428 0.1693906456603334 0.162748643761302 0.0081374321880651 0.2788113638104083 0.03547024456769082 0.9978151900916305 0.16666666666666666
22 22 5000 0 1 0.9150227617602428 0.2084445130636483 0.162748643761302 0.0081374321880651 0.3097826119246826 0.03547024456769082 0.9969517305072830 0.16666666666666666
23 23 5000 0 1 0.9150227617602428 0.22325293556968906 0.162748643761302 0.0081374321880651 0.3065261750309172 0.03547024456769082 0.9967577928665394 0.2
24 24 5000 0 1 0.9150227617602428 0.2453181529609934 0.162748643761302 0.0081374321880651 0.3055432038483024 0.03547024456769082 0.9966966482171604 0.2
25 25 5000 0 1 0.9274861878453039 0.2609958277128655 0.23766816143497757 0.020020840259813977 0.3153841533014827 0.06121952103367274 0.9929346949646730 0.16666666666666666
26 26 5000 0 1 0.9274861878453039 0.26895097051994454 0.23766816143497757 0.020020840259813977 0.3226928543776861 0.06121952103367274 0.9975868270544868 0.2
27 27 5000 0 1 0.9274861878453039 0.27620101924339024 0.23766816143497757 0.020020840259813977 0.32980187304459024 0.06121952103367274 0.9971199967329993 0.2
28 28 5000 0 1 0.9274861878453039 0.28349485153722254 0.23766816143497757 0.020020840259813977 0.33265066761086304 0.06121952103367274 0.9971451968403555 0.2
29 29 5000 0 1 0.9274861878453039 0.289837938973704 0.23766816143497757 0.020020840259813977 0.34046093583994497 0.06121952103367274 0.9975868270544868 0.2
30 30 5000 0 1 0.9274861878453039 0.29249823911012973 0.23766816143497757 0.020020840259813977 0.34357544104214205 0.06121952103367274 0.9971199967329993 0.2
31 31 5000 0 1 0.9274861878453039 0.2975787499374479 0.23766816143497757 0.020020840259813977 0.33994473515679696 0.06121952103367274 0.9976578263631617 0.2
32 32 5000 0 1 0.9274861878453039 0.3067874811789212 0.23766816143497757 0.020020840259813977 0.35344039202142397 0.06121952103367274 0.9971199967329993 0.16666666666666666
33 33 5000 0 1 0.9274861878453039 0.31196525128592845 0.23766816143497757 0.020020840259813977 0.3540049740772594 0.06121952103367274 0.9967577928665394 0.2
34 34 5000 0 1 0.9274861878453039 0.31929373361441077 0.23766816143497757 0.020020840259813977 0.35893511477361845 0.06121952103367274 0.9971451968403555 0.16666666666666666
35 35 5000 0 1 0.9274861878453039 0.33074062006129723 0.23766816143497757 0.020020840259813977 0.3521564586529798 0.06121952103367274 0.9966755565477259 0.16666666666666666
36 36 5000 0 1 0.9274861878453039 0.3333952547204877 0.23766816143497757 0.020020840259813977 0.3555995078192821 0.06121952103367274 0.9975868270544868 0.2
37 37 5000 0 1 0.9274861878453039 0.33952831085354385 0.23766816143497757 0.020020840259813977 0.361646553222833 0.06121952103367274 0.9971451968403555 0.16666666666666666
38 38 5000 0 1 0.9274861878453039 0.3423357224200795 0.23766816143497757 0.020020840259813977 0.359209670914101 0.06121952103367274 0.9963167528292985 0.2
39 39 5000 0 1 0.9274861878453039 0.347624450904255 0.23766816143497757 0.020020840259813977 0.35639411657497977 0.06121952103367274 0.9976578263631617 0.2
0 5000 5000 1 1 0.9274861878453039 0.3330658853224971 0.23766816143497757 0.020020840259813977 0.33895662756469774 0.06121952103367274 0.0 0.0
1 5001 5000 1 1 0.9274861878453039 0.3291371605479157 0.23766816143497757 0.020020840259813977 0.33401175723815846 0.06121952103367274 0.0 0.0
2 5002 5000 1 1 0.9274861878453039 0.29704307860557877 0.23766816143497757 0.020020840259813977 0.30582266888466964 0.06121952103367274 0.0 0.0
3 5003 5000 1 1 0.9274861878453039 0.28383998715001846 0.23766816143497757 0.020020840259813977 0.29290663218916074 0.06121952103367274 0.0 0.0
4 5004 5000 1 1 0.9274861878453039 0.26162015031017305 0.23766816143497757 0.020020840259813977 0.2962002891356917 0.06121952103367274 0.0 0.0
5 5005 5000 1 1 0.9274861878453039 0.241648125349529 0.23766816143497757 0.01188340807174888 0.29216983500232846 0.05179857488960893 0.0 0.0
6 5006 5000 1 1 0.9274861878453039 0.2304222434551614 0.23766816143497757 0.01188340807174888 0.2818879266613372 0.05179857488960893 0.0 0.0
7 5007 5000 1 1 0.9274861878453039 0.22529029808982526 0.23766816143497757 0.01188340807174888 0.2814319081578102 0.05179857488960893 0.0 0.0
8 5008 5000 1 1 0.9274861878453039 0.21499923779876493 0.23766816143497757 0.01188340807174888 0.27016194261068593 0.05179857488960893 0.0 0.0
9 5009 5000 1 1 0.9274861878453039 0.20671993168346794 0.23766816143497757 0.01188340807174888 0.25359763309663347 0.05179857488960893 0.0 0.0
10 5010 5000 1 1 0.9274861878453039 0.20637643662120944 0.23766816143497757 0.01188340807174888 0.25387259855645783 0.05179857488960893 0.0 0.0
11 5011 5000 1 1 0.9274861878453039 0.20585214441568694 0.23766816143497757 0.01188340807174888 0.2542741231580628 0.05179857488960893 0.0 0.0
12 5012 5000 1 1 0.9274861878453039 0.20569844760287345 0.23766816143497757 0.01188340807174888 0.25428442995765177 0.05179857488960893 0.0 0.0
13 5013 5000 1 1 0.9274861878453039 0.20538387227955993 0.23766816143497757 0.01188340807174888 0.2545346902091985 0.05179857488960893 0.0 0.0
14 5014 5000 1 1 0.9274861878453039 0.2052512638721869 0.23766816143497757 0.01188340807174888 0.25453733620511737 0.05179857488960893 0.0 0.0
15 5015 5000 1 1 0.9171270718232044 0.20473330807108195 0.23766816143497757 0.01188340807174888 0.25307347010533926 0.05179857488960893 0.0 0.0
16 5016 5000 1 1 0.9074585635359116 0.20424988265671726 0.23766816143497757 0.01188340807174888 0.2517177845778612 0.05179857488960893 0.0 0.0
17 5017 5000 1 1 0.9074585635359116 0.20403549949554015 0.23766816143497757 0.01188340807174888 0.2515641091802283 0.05179857488960893 0.0 0.0
18 5018 5000 1 1 0.9074585635359116 0.20382759928763994 0.23766816143497757 0.01188340807174888 0.25138780711271835 0.05179857488960893 0.0 0.0
19 5019 5000 1 1 0.8957182320441989 0.20324058271305429 0.23766816143497757 0.01188340807174888 0.24975245878438995 0.05179857488960893 0.0 0.0
20 5020 5000 1 1 0.8957182320441989 0.18759313221366752 0.23766816143497757 0.01188340807174888 0.230183021003933 0.05179857488960893 0.0 0.0
21 5021 5000 1 1 0.8957182320441989 0.17823380524392157 0.23766816143497757 0.01188340807174888 0.23378660580531807 0.05179857488960893 0.0 0.0
22 5022 5000 1 1 0.44130434782608696 0.13917993784060664 0.23766816143497757 0.01188340807174888 0.16611435922739087 0.05179857488960893 0.0 0.0
23 5023 5000 1 1 0.44130434782608696 0.12437151533456589 0.23766816143497757 0.01188340807174888 0.1550612452372575 0.05179857488960893 0.0 0.0
24 5024 5000 1 1 0.4151074151074151 0.10230629794326158 0.23766816143497757 0.01188340807174888 0.13895398026605527 0.05179857488960893 0.0 0.0
25 5025 5000 1 1 0.4151074151074151 0.0866286231913895 0.0 0.0 0.14012434092159365 0.0 0.0 0.0
26 5026 5000 1 1 0.4151074151074151 0.07867348038431048 0.0 0.0 0.12969587599059038 0.0 0.0 0.0
27 5027 5000 1 1 0.4151074151074151 0.07142343166086476 0.0 0.0 0.11582712900305853 0.0 0.0 0.0
28 5028 5000 1 1 0.2692307692307692 0.06412959936703246 0.0 0.0 0.09702152822699135 0.0 0.0 0.0
29 5029 5000 1 1 0.2692307692307692 0.05778651193055094 0.0 0.0 0.09331807509070197 0.0 0.0 0.0
30 5030 5000 1 1 0.2692307692307692 0.05512621179412529 0.0 0.0 0.08880980451237105 0.0 0.0 0.0
31 5031 5000 1 1 0.2692307692307692 0.05004570096680714 0.0 0.0 0.08264683249007988 0.0 0.0 0.0
32 5032 5000 1 1 0.2692307692307692 0.040836969725333745 0.0 0.0 0.07727482376557591 0.0 0.0 0.0
33 5033 5000 1 1 0.2692307692307692 0.03565919961832649 0.0 0.0 0.07636289610346525 0.0 0.0 0.0
34 5034 5000 1 1 0.22893772893772893 0.02833071728984416 0.0 0.0 0.05855141392115115 0.0 0.0 0.0
35 5035 5000 1 1 0.12266112266112267 0.016883830842957713 0.0 0.0 0.0364034295613914 0.0 0.0 0.0
36 5036 5000 1 1 0.12266112266112267 0.014229196183767246 0.0 0.0 0.03559300071998922 0.0 0.0 0.0
37 5037 5000 1 1 0.10577456968350916 0.008096140050711112 0.0 0.0 0.0255244331953564 0.0 0.0 0.0
38 5038 5000 1 1 0.10577456968350916 0.005288728484175458 0.0 0.0 0.023053033002345874 0.0 0.0 0.0
39 5039 5000 1 1 0.0 0.0 0.0 0.0 0.0 0.0 0.0 0.0
71
