0 0 5000 0 1 0.12088984291150356 0.006044492145575178 0.0 0.0 0.026347330427587547 0.0 0.9968549204740842 0.2
1 1 5000 0 1 0.12088984291150356 0.009318776420615058 0.0 0.0 0.029296703948677536 0.0 0.9976937367950958 0.16666666666666666
2 2 5000 0 1 0.12088984291150356 0.012679672659612123 0.0 0.0 0.0317848207178371 0.0 0.9968134959620877 0.2
3 3 5000 0 1 0.2402502606882169 0.024692185694022966 0.0 0.0 0.05871417444288609 0.0 0.9972744701315644 0.2
4 4 5000 0 1 0.2402502606882169 0.027502215940876318 0.0 0.0 0.06432744409038138 0.0 0.9968549204740842 0.2
5 5 5000 0 1 0.2402502606882169 0.03219757647748896 0.0 0.0 0.06556398573311091 0.0 0.9962981896001954 0.16666666666666666
6 6 5000 0 1 0.2402502606882169 0.03661094371323178 0.0 0.0 0.06621567158771752 0.0 0.9969414583297112 0.16666666666666666
7 7 5000 0 1 0.38924407672057165 0.05607314754926036 0.0 0.0 0.10077810303040673 0.0 0.9971518159979137 0.16666666666666666
8 8 5000 0 1 0.38924407672057165 0.06221872726548906 0.0 0.0 0.10483087286651574 0.0 0.9976937367950958 0.2
9 9 5000 0 1 0.38924407672057165 0.07475051077438845 0.0 0.0 0.12093903230753643 0.0 0.9969414583297112 0.2
10 10 5000 0 1 0.38924407672057165 0.07510504674936239 0.0 0.0 0.12143306380580243 0.0 0.9972744701315644 0.16666666666666666
11 11 5000 0 1 0.38924407672057165 0.07519286019457655 0.0 0.0 0.12150739433034631 0.0 0.9968549204740842 0.2
12 12 5000 0 1 0.38924407672057165 0.07550161428102768 0.0 0.0 0.12218306472415022 0.0 0.9969414583297112 0.2
13 13 5000 0 1 0.38924407672057165 0.07558695175193537 0.0 0.0 0.12213088650687992 0.0 0.9976768070561855 0.2
14 14 5000 0 1 0.38924407672057165 0.07592063266955788 0.0 0.0 0.1226078751089216 0.0 0.9972744701315644 0.2
15 15 5000 0 1 0.38924407672057165 0.0760182031642403 0.0 0.0 0.12269049277198134 0.0 0.9968549204740842 0.2
16 16 5000 0 1 0.38924407672057165 0.07702830417434131 0.0 0.0 0.1221424196010076 0.0 0.9966975930612735 0.16666666666666666
17 17 5000 0 1 0.39827002632568637 0.07747960165459705 0.0 0.0 0.1233063046554354 0.0 0.9971518159979137 0.16666666666666666
18 18 5000 0 1 0.39827002632568637 0.07786100376138963 0.0 0.0 0.1241423936899212 0.0 0.9969414583297112 0.16666666666666666
19 19 5000 0 1 0.39827002632568637 0.07831445801585749 0.0 0.0 0.12411925074955471 0.0 0.9968134959620877 0.16666666666666666
20 20 5000 0 1 0.39827002632568637 0.08633225668935257 0.0 0.0 0.13561802619045144 0.0 0.9976937367950958 0.16666666666666666
21 21 5000 0 1 0.39827002632568637 0.08882255924947671 0.0 0.0 0.13449384120826383 0.0 0.9976768070561855 0.2
22 22 5000 0 1 0.5124674670472672 0.0970082699370764 0.0 0.0 0.15367868939214066 0.0 0.9976937367950958 0.16666666666666666
23 23 5000 0 1 0.5124674670472672 0.10373441423498173 0.0 0.0 0.15448204010644112 0.0 0.9976768070561855 0.16666666666666666
24 24 5000 0 1 0.7428571428571429 0.12817654145083157 0.0 0.0 0.20630552478046835 0.0 0.9972744701315644 0.16666666666666666
25 25 5000 0 1 0.7428571428571429 0.1323915868211116 0.0 0.0 0.20819015306938246 0.0 0.9968549204740842 0.2
26 26 5000 0 1 0.7428571428571429 0.13574453848867002 0.0 0.0 0.20656460990271902 0.0 0.9963402361883790 0.2
27 27 5000 0 1 0.9493222106360792 0.15513063241521222 0.17630597014925373 0.008815298507462686 0.2500690734226397 0.03842499535117477 0.9935831150306922 0.3333333333333333
28 28 5000 0 1 0.9493222106360792 0.15862365612484242 0.17630597014925373 0.008815298507462686 0.2520607248839016 0.03842499535117477 0.9968549204740842 0.2
29 29 5000 0 1 0.9493222106360792 0.16706845726627276 0.17630597014925373 0.008815298507462686 0.25168054677948026 0.03842499535117477 0.9963402361883790 0.16666666666666666
30 30 5000 0 1 0.9906152241918665 0.17379166224845732 0.2042910447761194 0.01021455223880597 0.2654538597778272 0.04452420096247235 0.9935831150306922 0.3333333333333333
31 31 5000 0 1 0.9906152241918665 0.17518278049350816 0.2042910447761194 0.01021455223880597 0.26584859210338735 0.04452420096247235 0.9963402361883790 0.2
32 32 5000 0 1 0.9906152241918665 0.19555315086387853 0.2042910447761194 0.01021455223880597 0.26724985588868017 0.04452420096247235 0.9966983789775051 0.16666666666666666
33 33 5000 0 1 0.9906152241918665 0.19692889483890047 0.2042910447761194 0.01021455223880597 0.26803361942716164 0.04452420096247235 0.9968549204740842 0.2
34 34 5000 0 1 0.9906152241918665 0.20090977102194268 0.2042910447761194 0.01021455223880597 0.2710371810131868 0.04452420096247235 0.9968549204740842 0.16666666666666666
35 35 5000 0 1 0.9906152241918665 0.2148617641638201 0.2042910447761194 0.01021455223880597 0.2674948114201382 0.04452420096247235 0.9966840417595182 0.16666666666666666
36 36 5000 0 1 0.9906152241918665 0.2179674670334169 0.2042910447761194 0.01021455223880597 0.2725757269192531 0.04452420096247235 0.9969414583297112 0.2
37 37 5000 0 1 0.9906152241918665 0.21967982921509321 0.2042910447761194 0.01021455223880597 0.2740817448339241 0.04452420096247235 0.9968549204740842 0.2
38 38 5000 0 1 0.9906152241918665 0.23845393980231994 0.2042910447761194 0.01021455223880597 0.28990781959283923 0.04452420096247235 0.9966840417595182 0.16666666666666666
39 39 5000 0 1 0.9906152241918665 0.24420798267558058 0.2042910447761194 0.01021455223880597 0.29413396993006036 0.04452420096247235 0.9971518159979137 0.2
0 5000 5000 1 1 0.9906152241918665 0.23816349053000546 0.2042910447761194 0.01021455223880597 0.29052150349205513 0.04452420096247235 0.0 0.0
1 5001 5000 1 1 0.9906152241918665 0.23488920625496554 0.2042910447761194 0.01021455223880597 0.28776751625272634 0.04452420096247235 0.0 0.0
2 5002 5000 1 1 0.9906152241918665 0.23152831001596846 0.2042910447761194 0.01021455223880597 0.289984225964066 0.04452420096247235 0.0 0.0
3 5003 5000 1 1 0.7503649635036497 0.2195157969815576 0.2042910447761194 0.01021455223880597 0.2619073831052439 0.04452420096247235 0.0 0.0
4 5004 5000 1 1 0.7503649635036497 0.21670576673470424 0.2042910447761194 0.01021455223880597 0.2607327211467102 0.04452420096247235 0.0 0.0
5 5005 5000 1 1 0.7503649635036497 0.21201040619809158 0.2042910447761194 0.01021455223880597 0.26373016639169056 0.04452420096247235 0.0 0.0
6 5006 5000 1 1 0.7503649635036497 0.2075970389623488 0.2042910447761194 0.01021455223880597 0.2563420151295693 0.04452420096247235 0.0 0.0
7 5007 5000 1 1 0.7503649635036497 0.1881348351263202 0.2042910447761194 0.01021455223880597 0.24699536757241083 0.04452420096247235 0.0 0.0
8 5008 5000 1 1 0.7503649635036497 0.18198925541009153 0.2042910447761194 0.01021455223880597 0.24195614760963904 0.04452420096247235 0.0 0.0
9 5009 5000 1 1 0.7503649635036497 0.16945747190119215 0.2042910447761194 0.01021455223880597 0.22588763216512 0.04452420096247235 0.0 0.0
10 5010 5000 1 1 0.743274244004171 0.16910293592621822 0.2042910447761194 0.01021455223880597 0.2249793443335368 0.04452420096247235 0.0 0.0
11 5011 5000 1 1 0.743274244004171 0.16901512248100406 0.2042910447761194 0.01021455223880597 0.22492886607205526 0.04452420096247235 0.0 0.0
12 5012 5000 1 1 0.743274244004171 0.1687063683945529 0.2042910447761194 0.01021455223880597 0.2246838519242271 0.04452420096247235 0.0 0.0
13 5013 5000 1 1 0.743274244004171 0.16862103092364522 0.2042910447761194 0.01021455223880597 0.22467757788068238 0.04452420096247235 0.0 0.0
14 5014 5000 1 1 0.7366006256517206 0.16828735000602268 0.2042910447761194 0.01021455223880597 0.22382722777973227 0.04452420096247235 0.0 0.0
15 5015 5000 1 1 0.7366006256517206 0.16818977951134026 0.2042910447761194 0.01021455223880597 0.22377130192861933 0.04452420096247235 0.0 0.0
16 5016 5000 1 1 0.7366006256517206 0.16717967850123927 0.2042910447761194 0.01021455223880597 0.22448150595118677 0.04452420096247235 0.0 0.0
17 5017 5000 1 1 0.7366006256517206 0.16672838102098353 0.2042910447761194 0.01021455223880597 0.22457669867931318 0.04452420096247235 0.0 0.0
18 5018 5000 1 1 0.7366006256517206 0.16634697891419095 0.2042910447761194 0.01021455223880597 0.22428130609041297 0.04452420096247235 0.0 0.0
19 5019 5000 1 1 0.7366006256517206 0.1658935246597231 0.2042910447761194 0.01021455223880597 0.2246077641495408 0.04452420096247235 0.0 0.0
20 5020 5000 1 1 0.7366006256517206 0.15787572598622798 0.2042910447761194 0.01021455223880597 0.2216610188136906 0.04452420096247235 0.0 0.0
21 5021 5000 1 1 0.7366006256517206 0.15538542342610387 0.2042910447761194 0.01021455223880597 0.22162961172298146 0.04452420096247235 0.0 0.0
22 5022 5000 1 1 0.7366006256517206 0.14719971273850418 0.2042910447761194 0.01021455223880597 0.2241794860960059 0.04452420096247235 0.0 0.0
23 5023 5000 1 1 0.7366006256517206 0.14047356844059883 0.2042910447761194 0.01021455223880597 0.22646534755632472 0.04452420096247235 0.0 0.0
24 5024 5000 1 1 0.6545220745820831 0.11603144122474898 0.2042910447761194 0.01021455223880597 0.18301983766618868 0.04452420096247235 0.0 0.0
25 5025 5000 1 1 0.6545220745820831 0.11181639585446897 0.2042910447761194 0.01021455223880597 0.17977915455559904 0.04452420096247235 0.0 0.0
26 5026 5000 1 1 0.6545220745820831 0.10846344418691053 0.2042910447761194 0.01021455223880597 0.17752496128620235 0.04452420096247235 0.0 0.0
27 5027 5000 1 1 0.6545220745820831 0.08907735026036837 0.027985074626865673 0.0013992537313432837 0.1670429825572169 0.006099205611297584 0.0 0.0
28 5028 5000 1 1 0.6545220745820831 0.08558432655073815 0.027985074626865673 0.0013992537313432837 0.16517186864150937 0.006099205611297584 0.0 0.0
29 5029 5000 1 1 0.6545220745820831 0.0771395254093078 0.027985074626865673 0.0013992537313432837 0.16358396852132331 0.006099205611297584 0.0 0.0
30 5030 5000 1 1 0.6545220745820831 0.07041632042712323 0.0 0.0 0.1632597357698586 0.0 0.0 0.0
31 5031 5000 1 1 0.6545220745820831 0.0690252021820724 0.0 0.0 0.1637345924672886 0.0 0.0 0.0
32 5032 5000 1 1 0.6545220745820831 0.04865483181170205 0.0 0.0 0.14459309412125737 0.0 0.0 0.0
33 5033 5000 1 1 0.6545220745820831 0.0472790878366801 0.0 0.0 0.1438332104024453 0.0 0.0 0.0
34 5034 5000 1 1 0.6545220745820831 0.04329821165363785 0.0 0.0 0.14303479944479958 0.0 0.0 0.0
35 5035 5000 1 1 0.37548221174453494 0.029346218511760436 0.0 0.0 0.08427262725668379 0.0 0.0 0.0
36 5036 5000 1 1 0.37548221174453494 0.026240515642163637 0.0 0.0 0.08415226543731831 0.0 0.0 0.0
37 5037 5000 1 1 0.37548221174453494 0.024528153460487374 0.0 0.0 0.08432019000449179 0.0 0.0 0.0
38 5038 5000 1 1 0.11508085746521249 0.005754042873260624 0.0 0.0 0.025081291401343474 0.0 0.0 0.0
39 5039 5000 1 1 0.0 0.0 0.0 0.0 0.0 0.0 0.0 0.0
195
