0 0 5000 0 1 0.026634673065386923 0.001331733653269346 0.0 0.0 0.005804892414313315 0.0 0.9967752226382486 0.2
1 1 5000 0 1 0.12758775877587758 0.0077111215920632244 0.0 0.0 0.02810588379201045 0.0 0.9971257001863993 0.16666666666666666
2 2 5000 0 1 0.12758775877587758 0.012945301070075382 0.0 0.0 0.035067848184677036 0.0 0.9966440310065804 0.2
3 3 5000 0 1 0.31210762331838565 0.028550682235994662 0.0 0.0 0.07384275026453359 0.0 0.9970408052592123 0.16666666666666666
4 4 5000 0 1 0.8932735426008969 0.05910289188510731 0.13399503722084366 0.006090683510038348 0.19453971220400576 0.027911018218770057 0.9930611571398551 0.16666666666666666
5 5 5000 0 1 0.8932735426008969 0.06833504545439346 0.13399503722084366 0.006090683510038348 0.1971436455757539 0.027911018218770057 0.9967752226382486 0.2
6 6 5000 0 1 0.8932735426008969 0.07057004341329944 0.13399503722084366 0.006090683510038348 0.19660892329272298 0.027911018218770057 0.9971216641702814 0.2
7 7 5000 0 1 0.8932735426008969 0.0783404536909621 0.13399503722084366 0.006090683510038348 0.1967372831438849 0.027911018218770057 0.9972593562118513 0.2
8 8 5000 0 1 0.9538116591928251 0.08586293310964002 0.18982630272952852 0.008628468305887661 0.2091270870556558 0.039540609143257584 0.9930611571398551 0.16666666666666666
9 9 5000 0 1 0.9538116591928251 0.09019059926110834 0.18982630272952852 0.008628468305887661 0.20819897097216356 0.039540609143257584 0.9961960825656857 0.16666666666666666
10 10 5000 0 1 0.9538116591928251 0.09031215807412227 0.18982630272952852 0.008628468305887661 0.20820810687775532 0.039540609143257584 0.9966440310065804 0.16666666666666666
11 11 5000 0 1 0.9538116591928251 0.0904781484835653 0.18982630272952852 0.008628468305887661 0.2082328630805655 0.039540609143257584 0.9970047481168316 0.16666666666666666
12 12 5000 0 1 0.9538116591928251 0.09058175395393411 0.18982630272952852 0.008628468305887661 0.20826565591261897 0.039540609143257584 0.9972593562118513 0.2
13 13 5000 0 1 0.9538116591928251 0.09068319253748262 0.18982630272952852 0.008628468305887661 0.20828196774207355 0.039540609143257584 0.9970047481168316 0.16666666666666666
14 14 5000 0 1 0.9538116591928251 0.09079385281044464 0.18982630272952852 0.008628468305887661 0.20830083145186054 0.039540609143257584 0.9970047481168316 0.2
15 15 5000 0 1 0.9538116591928251 0.09099781201860299 0.18982630272952852 0.008628468305887661 0.20842066684861033 0.039540609143257584 0.9967752226382486 0.16666666666666666
16 16 5000 0 1 0.9538116591928251 0.0910808072233245 0.18982630272952852 0.008628468305887661 0.20843545671061076 0.039540609143257584 0.9970047481168316 0.2
17 17 5000 0 1 0.9538116591928251 0.09130582972557473 0.18982630272952852 0.008628468305887661 0.20847717249795128 0.039540609143257584 0.9971257001863993 0.16666666666666666
18 18 5000 0 1 0.9538116591928251 0.09138747348663065 0.18982630272952852 0.008628468305887661 0.2084592236961311 0.039540609143257584 0.9971216641702814 0.2
19 19 5000 0 1 0.9538116591928251 0.09154344229286941 0.18982630272952852 0.008628468305887661 0.20855306489943548 0.039540609143257584 0.9967752226382486 0.16666666666666666
20 20 5000 0 1 0.9538116591928251 0.09917304543909751 0.18982630272952852 0.008628468305887661 0.21174983578768825 0.039540609143257584 0.9966440310065804 0.16666666666666666
21 21 5000 0 1 0.9538116591928251 0.10783446276193216 0.18982630272952852 0.008628468305887661 0.2174245225254976 0.039540609143257584 0.9972593562118513 0.16666666666666666
22 22 5000 0 1 0.9538116591928251 0.12090400712644056 0.18982630272952852 0.008628468305887661 0.2184036978013006 0.039540609143257584 0.9968587340892976 0.2
23 23 5000 0 1 0.9538116591928251 0.15489681288183624 0.18982630272952852 0.008628468305887661 0.2814355480208804 0.039540609143257584 0.9968587340892976 0.16666666666666666
24 24 5000 0 1 0.9538116591928251 0.1608568074389188 0.18982630272952852 0.008628468305887661 0.2803333647916331 0.039540609143257584 0.9971216641702814 0.16666666666666666
25 25 5000 0 1 0.9538116591928251 0.16727797297342006 0.18982630272952852 0.008628468305887661 0.28397122404356123 0.039540609143257584 0.9966440310065804 0.16666666666666666
26 26 5000 0 1 0.9538116591928251 0.1710219788753013 0.18982630272952852 0.008628468305887661 0.283935643799172 0.039540609143257584 0.9970047481168316 0.2
27 27 5000 0 1 0.9538116591928251 0.18323553616384358 0.18982630272952852 0.008628468305887661 0.2908829158370632 0.039540609143257584 0.9967752226382486 0.16666666666666666
28 28 5000 0 1 0.9538116591928251 0.18575288546306795 0.18982630272952852 0.008628468305887661 0.29093667062168665 0.039540609143257584 0.9971216641702814 0.2
29 29 5000 0 1 0.9538116591928251 0.188658042627308 0.18982630272952852 0.008628468305887661 0.2915125236870674 0.039540609143257584 0.9971216641702814 0.2
30 30 5000 0 1 0.9941704035874439 0.19187941031550076 0.22208436724565755 0.010094743965711707 0.296992103314497 0.046259928344072616 0.9930611571398551 0.4
31 31 5000 0 1 0.9941704035874439 0.19665553224348403 0.22208436724565755 0.012041586694677342 0.3035686464807652 0.046693354360719835 0.9926814350742791 0.3333333333333333
32 32 5000 0 1 0.9941704035874439 0.19886908953202634 0.22208436724565755 0.012041586694677342 0.3056550987925589 0.046693354360719835 0.9967752226382486 0.2
33 33 5000 0 1 0.9941704035874439 0.20302075469854297 0.22208436724565755 0.012041586694677342 0.30528351716864105 0.046693354360719835 0.9971257001863993 0.2
34 34 5000 0 1 0.9941704035874439 0.20638206048976393 0.22208436724565755 0.012041586694677342 0.30643449703035097 0.046693354360719835 0.9970047481168316 0.16666666666666666
35 35 5000 0 1 0.9941704035874439 0.20809729472067504 0.22208436724565755 0.012041586694677342 0.30728947874646595 0.046693354360719835 0.9970047481168316 0.2
36 36 5000 0 1 0.9941704035874439 0.21700818580978395 0.22208436724565755 0.012041586694677342 0.30993657970838406 0.046693354360719835 0.9971257001863993 0.16666666666666666
37 37 5000 0 1 0.9941704035874439 0.2196789044368844 0.22208436724565755 0.012041586694677342 0.31162516368412085 0.046693354360719835 0.9966440310065804 0.16666666666666666
38 38 5000 0 1 0.9941704035874439 0.2247538894398838 0.22208436724565755 0.012041586694677342 0.3170427193261752 0.046693354360719835 0.9967752226382486 0.16666666666666666
39 39 5000 0 1 0.9941704035874439 0.24167562096590042 0.22208436724565755 0.012041586694677342 0.3136083399458784 0.046693354360719835 0.9965496332104630 0.16666666666666666
0 5000 5000 1 1 0.9941704035874439 0.24034388731263107 0.22208436724565755 0.012041586694677342 0.31210064752743993 0.046693354360719835 0.0 0.0
1 5001 5000 1 1 0.9941704035874439 0.23396449937383718 0.22208436724565755 0.012041586694677342 0.3102064067557607 0.046693354360719835 0.0 0.0
2 5002 5000 1 1 0.9941704035874439 0.22873031989582504 0.22208436724565755 0.012041586694677342 0.30753134599524345 0.046693354360719835 0.0 0.0
3 5003 5000 1 1 0.9889088729016786 0.21312493872990576 0.22208436724565755 0.012041586694677342 0.27443139533155336 0.046693354360719835 0.0 0.0
4 5004 5000 1 1 0.9889088729016786 0.1825727290807931 0.0880893300248139 0.005950903184638993 0.2521264170903287 0.020017144642914243 0.0 0.0
5 5005 5000 1 1 0.9889088729016786 0.17334057551150694 0.0880893300248139 0.005950903184638993 0.2404457355239036 0.020017144642914243 0.0 0.0
6 5006 5000 1 1 0.9889088729016786 0.17110557755260097 0.0880893300248139 0.005950903184638993 0.23970646686240374 0.020017144642914243 0.0 0.0
7 5007 5000 1 1 0.9889088729016786 0.1633351672749383 0.0880893300248139 0.005950903184638993 0.23690933626815838 0.020017144642914243 0.0 0.0
8 5008 5000 1 1 0.9889088729016786 0.15581268785626037 0.04283054003724395 0.003413118388789681 0.23532800472998627 0.010910277867511873 0.0 0.0
9 5009 5000 1 1 0.9889088729016786 0.15148502170479206 0.04283054003724395 0.003413118388789681 0.23734906323791607 0.010910277867511873 0.0 0.0
10 5010 5000 1 1 0.9889088729016786 0.1513634628917781 0.04283054003724395 0.003413118388789681 0.23725469526516804 0.010910277867511873 0.0 0.0
11 5011 5000 1 1 0.9889088729016786 0.15119747248233512 0.04283054003724395 0.003413118388789681 0.23718148773213424 0.010910277867511873 0.0 0.0
12 5012 5000 1 1 0.9889088729016786 0.15109386701196628 0.04283054003724395 0.003413118388789681 0.23717138880721625 0.010910277867511873 0.0 0.0
13 5013 5000 1 1 0.9889088729016786 0.15099242842841779 0.04283054003724395 0.003413118388789681 0.23712768032920564 0.010910277867511873 0.0 0.0
14 5014 5000 1 1 0.9889088729016786 0.1508817681554558 0.04283054003724395 0.003413118388789681 0.23708092966095543 0.010910277867511873 0.0 0.0
15 5015 5000 1 1 0.9889088729016786 0.1506778089472974 0.04283054003724395 0.003413118388789681 0.23687056235803045 0.010910277867511873 0.0 0.0
16 5016 5000 1 1 0.9889088729016786 0.15059481374257588 0.04283054003724395 0.003413118388789681 0.23683603538424233 0.010910277867511873 0.0 0.0
17 5017 5000 1 1 0.9889088729016786 0.15036979124032568 0.04283054003724395 0.003413118388789681 0.23672862944460413 0.010910277867511873 0.0 0.0
18 5018 5000 1 1 0.9889088729016786 0.15028814747926975 0.04283054003724395 0.003413118388789681 0.23670167959229418 0.010910277867511873 0.0 0.0
19 5019 5000 1 1 0.9889088729016786 0.150132178673031 0.04283054003724395 0.003413118388789681 0.23654256705391596 0.010910277867511873 0.0 0.0
20 5020 5000 1 1 0.9889088729016786 0.1425025755268029 0.04283054003724395 0.003413118388789681 0.23290804508697524 0.010910277867511873 0.0 0.0
21 5021 5000 1 1 0.9889088729016786 0.13384115820396825 0.04283054003724395 0.003413118388789681 0.23481755229927548 0.010910277867511873 0.0 0.0
22 5022 5000 1 1 0.7275179856115108 0.12077161383945986 0.04283054003724395 0.003413118388789681 0.18982633856249542 0.010910277867511873 0.0 0.0
23 5023 5000 1 1 0.3900419916016797 0.08677880808406419 0.04283054003724395 0.003413118388789681 0.1293782119003175 0.010910277867511873 0.0 0.0
24 5024 5000 1 1 0.3900419916016797 0.08081881352698159 0.04283054003724395 0.003413118388789681 0.1254370262895947 0.010910277867511873 0.0 0.0
25 5025 5000 1 1 0.3900419916016797 0.07439764799248033 0.04283054003724395 0.003413118388789681 0.1233714949452086 0.010910277867511873 0.0 0.0
26 5026 5000 1 1 0.3900419916016797 0.0706536420905991 0.04283054003724395 0.003413118388789681 0.11909818086578904 0.010910277867511873 0.0 0.0
27 5027 5000 1 1 0.3384346305203323 0.05844008480205683 0.04283054003724395 0.003413118388789681 0.09600463284975724 0.010910277867511873 0.0 0.0
28 5028 5000 1 1 0.3384346305203323 0.055922735502832444 0.04283054003724395 0.003413118388789681 0.09531793079070143 0.010910277867511873 0.0 0.0
29 5029 5000 1 1 0.3384346305203323 0.05301757833859241 0.04283054003724395 0.003413118388789681 0.09608953064966665 0.010910277867511873 0.0 0.0
30 5030 5000 1 1 0.3384346305203323 0.049796210650399644 0.04283054003724395 0.0019468427289656342 0.09536471233515034 0.008921554171659416 0.0 0.0
31 5031 5000 1 1 0.3384346305203323 0.04502008872241639 0.0 0.0 0.09398529668605583 0.0 0.0 0.0
32 5032 5000 1 1 0.3384346305203323 0.0428065314338741 0.0 0.0 0.09208853201806654 0.0 0.0 0.0
33 5033 5000 1 1 0.3384346305203323 0.03865486626735744 0.0 0.0 0.08362996028879834 0.0 0.0 0.0
34 5034 5000 1 1 0.3384346305203323 0.035293560476136486 0.0 0.0 0.08237687133159514 0.0 0.0 0.0
35 5035 5000 1 1 0.3384346305203323 0.03357832624522539 0.0 0.0 0.08273596423984138 0.0 0.0 0.0
36 5036 5000 1 1 0.3384346305203323 0.02466743515611648 0.0 0.0 0.076001196141289 0.0 0.0 0.0
37 5037 5000 1 1 0.3384346305203323 0.021996716529016015 0.0 0.0 0.07588250044856967 0.0 0.0 0.0
38 5038 5000 1 1 0.3384346305203323 0.016921731526016615 0.0 0.0 0.07376011767163272 0.0 0.0 0.0
39 5039 5000 1 1 0.0 0.0 0.0 0.0 0.0 0.0 0.0 0.0
101
