0 0 5000 0 1 0.10074626865671642 0.005037313432835821 0.0 0.0 0.021957140200671316 0.0 0.9968993162850352 0.2
1 1 5000 0 1 0.6767624020887728 0.03887543353727446 0.0 0.0 0.14797485814742248 0.0 0.9976580728896976 0.16666666666666666
2 2 5000 0 1 0.6767624020887728 0.06790496940225337 0.0 0.0 0.1888148621207076 0.0 0.9968812277213610 0.16666666666666666
3 3 5000 0 1 0.6767624020887728 0.07179209868529397 0.0 0.0 0.18817605340426616 0.0 0.9974054395263654 0.16666666666666666
4 4 5000 0 1 0.6767624020887728 0.1045209170474362 0.0 0.0 0.22597172707143953 0.0 0.9975756368060355 0.16666666666666666
5 5 5000 0 1 0.9586497890295359 0.12342387063393412 0.0 0.0 0.27540984648959244 0.0 0.9968812277213610 0.16666666666666666
6 6 5000 0 1 0.9586497890295359 0.12927322960829307 0.0 0.0 0.2739649019501271 0.0 0.9969446194884816 0.16666666666666666
7 7 5000 0 1 0.9586497890295359 0.13464836958589665 0.0 0.0 0.27242612678914924 0.0 0.9977044876149356 0.16666666666666666
8 8 5000 0 1 0.9586497890295359 0.1396044594217734 0.0 0.0 0.2722473652865617 0.0 0.9974054395263654 0.2
9 9 5000 0 1 0.9586497890295359 0.18071331730626403 0.5732484076433121 0.030170968823332214 0.2859099462456924 0.12800457989967667 0.9929907583954981 0.2
10 10 5000 0 1 0.9659634317862166 0.18107899944409805 0.5732484076433121 0.030170968823332214 0.28690763853802326 0.12800457989967667 0.9968812277213610 0.2
11 11 5000 0 1 0.9659634317862166 0.18140549198141148 0.5732484076433121 0.030170968823332214 0.2872208430138184 0.12800457989967667 0.9968993162850352 0.16666666666666666
12 12 5000 0 1 0.9659634317862166 0.18234543976209033 0.5732484076433121 0.030170968823332214 0.2888664370482401 0.12800457989967667 0.9976580728896976 0.16666666666666666
13 13 5000 0 1 0.9704641350210971 0.18257047492383435 0.5732484076433121 0.030170968823332214 0.2894779159655579 0.12800457989967667 0.9968812277213610 0.2
14 14 5000 0 1 0.9704641350210971 0.18278036298353587 0.5732484076433121 0.030170968823332214 0.2896803620169951 0.12800457989967667 0.9968993162850352 0.2
15 15 5000 0 1 0.9704641350210971 0.18319625947152107 0.5732484076433121 0.030170968823332214 0.2894235013679917 0.12800457989967667 0.9965275012743078 0.2
16 16 5000 0 1 0.9704641350210971 0.1833361848446554 0.5732484076433121 0.030170968823332214 0.28955991141831494 0.12800457989967667 0.9968993162850352 0.2
17 17 5000 0 1 0.9704641350210971 0.18350174775856268 0.5732484076433121 0.030170968823332214 0.2895571103083536 0.12800457989967667 0.9974054395263654 0.16666666666666666
18 18 5000 0 1 0.9704641350210971 0.18387012406913222 0.5732484076433121 0.030170968823332214 0.2901602383370244 0.12800457989967667 0.9975756368060355 0.16666666666666666
19 19 5000 0 1 0.9704641350210971 0.18438018357607472 0.5732484076433121 0.030170968823332214 0.2910079021389283 0.12800457989967667 0.9975756368060355 0.16666666666666666
20 20 5000 0 1 0.9704641350210971 0.19241437161026279 0.5732484076433121 0.030170968823332214 0.2912543876806446 0.12800457989967667 0.9969446194884816 0.16666666666666666
21 21 5000 0 1 0.9808695652173913 0.22334339497171637 0.7834394904458599 0.04123365739188736 0.3385775825162527 0.17493959252955835 0.9929907583954981 0.4
22 22 5000 0 1 0.9808695652173913 0.22982660392694032 0.7834394904458599 0.04123365739188736 0.34638450870082904 0.17493959252955835 0.9968993162850352 0.2
23 23 5000 0 1 0.9808695652173913 0.2682104423107786 0.7834394904458599 0.04123365739188736 0.3610152841051114 0.17493959252955835 0.9968102327943334 0.16666666666666666
24 24 5000 0 1 0.9808695652173913 0.28153847560617484 0.7834394904458599 0.047131064758082986 0.37916251556485026 0.17533837894284054 0.9934633147361883 0.2
25 25 5000 0 1 0.9808695652173913 0.29485669606522846 0.7834394904458599 0.047131064758082986 0.396911461125846 0.17533837894284054 0.9975756368060355 0.2
26 26 5000 0 1 0.9808695652173913 0.31261565766747357 0.7834394904458599 0.05636599230519613 0.41552770003905615 0.177223455434636 0.9925297718181872 0.3333333333333333
27 27 5000 0 1 0.9808695652173913 0.3151926804143783 0.7834394904458599 0.05636599230519613 0.41485762317377706 0.177223455434636 0.9974054395263654 0.2
28 28 5000 0 1 0.9808695652173913 0.32598421832738045 0.7834394904458599 0.05636599230519613 0.4092880507713829 0.177223455434636 0.9968812208504174 0.2
29 29 5000 0 1 0.9808695652173913 0.3298555989064878 0.7834394904458599 0.05636599230519613 0.4075657287178725 0.177223455434636 0.9977044876149356 0.2
30 30 5000 0 1 0.9921671018276762 0.33476597247547757 0.7834394904458599 0.05870270088425477 0.41185143386693396 0.17823208167167665 0.9934633147361883 0.16666666666666666
31 31 5000 0 1 0.9921671018276762 0.33796945991748684 0.7834394904458599 0.05870270088425477 0.41092164119699787 0.17823208167167665 0.9977044876149356 0.16666666666666666
32 32 5000 0 1 0.9921671018276762 0.3462325837023216 0.7834394904458599 0.05870270088425477 0.4056704738053251 0.17823208167167665 0.9961786171222686 0.2
33 33 5000 0 1 0.9921671018276762 0.35319718033609987 0.7834394904458599 0.05870270088425477 0.40083338092363924 0.17823208167167665 0.9957131504253075 0.16666666666666666
34 34 5000 0 1 0.9921671018276762 0.3635017817618938 0.7834394904458599 0.05870270088425477 0.3985118896748923 0.17823208167167665 0.9961786171222686 0.2
35 35 5000 0 1 0.9921671018276762 0.36570033742563934 0.7834394904458599 0.06035778198322862 0.4002879310663044 0.17782482042063186 0.9923828181633101 0.4
36 36 5000 0 1 0.9932369402985075 0.41467866219331045 0.8207547169811321 0.10603306215469596 0.4105845712830329 0.2458912018068568 0.9883713543316273 0.3333333333333333
37 37 5000 0 1 0.9932369402985075 0.41987323555996514 0.8207547169811321 0.10603306215469596 0.4059362277054645 0.2458912018068568 0.9956808267454713 0.2
38 38 5000 0 1 0.9932369402985075 0.4308583295327454 0.8207547169811321 0.10603306215469596 0.407444510110746 0.2458912018068568 0.9961786171222686 0.2
39 39 5000 0 1 0.9932369402985075 0.4336101376117717 0.8207547169811321 0.10603306215469596 0.4047018982677373 0.2458912018068568 0.9965401816938140 0.2
0 5000 5000 1 1 0.9921671018276762 0.428572824178936 0.8207547169811321 0.10603306215469596 0.3982809451206575 0.2458912018068568 0.0 0.0
1 5001 5000 1 1 0.9907172995780591 0.3947347040744973 0.8207547169811321 0.10603306215469596 0.37714866909952793 0.2458912018068568 0.0 0.0
2 5002 5000 1 1 0.9808695652173913 0.36570516820951837 0.8207547169811321 0.10603306215469596 0.351639712546213 0.2458912018068568 0.0 0.0
3 5003 5000 1 1 0.9808695652173913 0.3618180389264778 0.8207547169811321 0.10603306215469596 0.3535240286632856 0.2458912018068568 0.0 0.0
4 5004 5000 1 1 0.9808695652173913 0.32908922056433554 0.8207547169811321 0.10603306215469596 0.32799804058960264 0.2458912018068568 0.0 0.0
5 5005 5000 1 1 0.9808695652173913 0.31018626697783763 0.8207547169811321 0.10603306215469596 0.3336287384019574 0.2458912018068568 0.0 0.0
6 5006 5000 1 1 0.9808695652173913 0.3043369080034786 0.8207547169811321 0.10603306215469596 0.33165888240787567 0.2458912018068568 0.0 0.0
7 5007 5000 1 1 0.9808695652173913 0.29896176802587504 0.8207547169811321 0.10603306215469596 0.3333788389789643 0.2458912018068568 0.0 0.0
8 5008 5000 1 1 0.9808695652173913 0.29400567818999823 0.8207547169811321 0.10603306215469596 0.3362220897654257 0.2458912018068568 0.0 0.0
9 5009 5000 1 1 0.9371069182389937 0.25289682030550764 0.8207547169811321 0.07586209333136375 0.274300300072422 0.1896619074667289 0.0 0.0
10 5010 5000 1 1 0.9371069182389937 0.2525311381676736 0.8207547169811321 0.07586209333136375 0.27459916611870866 0.1896619074667289 0.0 0.0
11 5011 5000 1 1 0.9371069182389937 0.25220464563036016 0.8207547169811321 0.07586209333136375 0.2742609955747956 0.1896619074667289 0.0 0.0
12 5012 5000 1 1 0.9371069182389937 0.2512646978496813 0.8207547169811321 0.07586209333136375 0.2740749363354108 0.1896619074667289 0.0 0.0
13 5013 5000 1 1 0.9371069182389937 0.2510396626879373 0.8207547169811321 0.07586209333136375 0.2742626090182064 0.1896619074667289 0.0 0.0
14 5014 5000 1 1 0.9371069182389937 0.25082977462823586 0.8207547169811321 0.07586209333136375 0.274048004999968 0.1896619074667289 0.0 0.0
15 5015 5000 1 1 0.9371069182389937 0.2504138781402506 0.8207547169811321 0.07586209333136375 0.27442178324888755 0.1896619074667289 0.0 0.0
16 5016 5000 1 1 0.9371069182389937 0.2502739527671162 0.8207547169811321 0.07586209333136375 0.2742802987813927 0.1896619074667289 0.0 0.0
17 5017 5000 1 1 0.9371069182389937 0.25010838985320893 0.8207547169811321 0.07586209333136375 0.2743991845121729 0.1896619074667289 0.0 0.0
18 5018 5000 1 1 0.9371069182389937 0.2497400135426394 0.8207547169811321 0.07586209333136375 0.2743584704711937 0.1896619074667289 0.0 0.0
19 5019 5000 1 1 0.9371069182389937 0.24922995403569695 0.8207547169811321 0.07586209333136375 0.27431760439770303 0.1896619074667289 0.0 0.0
20 5020 5000 1 1 0.9371069182389937 0.24119576600150894 0.8207547169811321 0.07586209333136375 0.2732836714225381 0.1896619074667289 0.0 0.0
21 5021 5000 1 1 0.9371069182389937 0.21026674264005535 0.8207547169811321 0.0647994047628086 0.2655269373576516 0.18762317288114574 0.0 0.0
22 5022 5000 1 1 0.9371069182389937 0.20378353368483149 0.8207547169811321 0.0647994047628086 0.2619077088410633 0.18762317288114574 0.0 0.0
23 5023 5000 1 1 0.9371069182389937 0.1653996953009931 0.8207547169811321 0.0647994047628086 0.23086778979376515 0.18762317288114574 0.0 0.0
24 5024 5000 1 1 0.9371069182389937 0.15207166200559688 0.8207547169811321 0.05890199739661298 0.22994859799830938 0.1864068235134636 0.0 0.0
25 5025 5000 1 1 0.9371069182389937 0.13875344154654332 0.8207547169811321 0.05890199739661298 0.23065587059861176 0.1864068235134636 0.0 0.0
26 5026 5000 1 1 0.9371069182389937 0.12099447994429813 0.8207547169811321 0.04966706984949983 0.22918359822403644 0.1823739505703666 0.0 0.0
27 5027 5000 1 1 0.9371069182389937 0.11841745719739342 0.8207547169811321 0.04966706984949983 0.23023742262727387 0.1823739505703666 0.0 0.0
28 5028 5000 1 1 0.9371069182389937 0.10762591928439129 0.8207547169811321 0.04966706984949983 0.23047663793708217 0.1823739505703666 0.0 0.0
29 5029 5000 1 1 0.9371069182389937 0.10375453870528395 0.8207547169811321 0.04966706984949983 0.23052545698933724 0.1823739505703666 0.0 0.0
30 5030 5000 1 1 0.9371069182389937 0.0988441651362942 0.8207547169811321 0.0473303612704412 0.23160601365623826 0.18271061447929526 0.0 0.0
31 5031 5000 1 1 0.9371069182389937 0.09564067769428491 0.8207547169811321 0.0473303612704412 0.23250619062205702 0.18271061447929526 0.0 0.0
32 5032 5000 1 1 0.9371069182389937 0.08737755390945018 0.8207547169811321 0.0473303612704412 0.2171844173732077 0.18271061447929526 0.0 0.0
33 5033 5000 1 1 0.9371069182389937 0.08041295727567188 0.8207547169811321 0.0473303612704412 0.21764087909603466 0.18271061447929526 0.0 0.0
34 5034 5000 1 1 0.9371069182389937 0.07010835584987798 0.8207547169811321 0.0473303612704412 0.2055894880096635 0.18271061447929526 0.0 0.0
35 5035 5000 1 1 0.9371069182389937 0.06790980018613244 0.8207547169811321 0.04567528017146735 0.2060404432144402 0.18298921811738167 0.0 0.0
36 5036 5000 1 1 0.21970187945560596 0.018931475418461345 0.0 0.0 0.05240387231496869 0.0 0.0 0.0
37 5037 5000 1 1 0.21970187945560596 0.013736902051806582 0.0 0.0 0.04874620259990759 0.0 0.0 0.0
38 5038 5000 1 1 0.05503616158052567 0.0027518080790262835 0.0 0.0 0.011994853328494356 0.0 0.0 0.0
39 5039 5000 1 1 0.0 0.0 0.0 0.0 0.0 0.0 0.0 0.0
68
