0 0 5000 0 1 0.24166275246594646 0.012083137623297322 0.0 0.0 0.05266917582084726 0.0 0.9969916229579953 0.16666666666666666
1 1 5000 0 1 0.24166275246594646 0.016483549357728618 0.0 0.0 0.05509636436002472 0.0 0.9973342220701960 0.2
2 2 5000 0 1 0.24166275246594646 0.02151671361836069 0.0 0.0 0.0578878454399264 0.0 0.9970288340168460 0.16666666666666666
3 3 5000 0 1 0.4909933093154915 0.04166596734970397 0.0 0.0 0.11723637575600517 0.0 0.9973342220701960 0.2
4 4 5000 0 1 0.5697375193000515 0.04560317784893197 0.0 0.0 0.1325786233181973 0.0 0.9973342220701960 0.2
5 5 5000 0 1 0.5697375193000515 0.050673860086178434 0.0 0.0 0.13267681584157318 0.0 0.9969025665743560 0.16666666666666666
6 6 5000 0 1 0.5697375193000515 0.06910928731988894 0.0 0.0 0.16094634152134626 0.0 0.9970288340168460 0.16666666666666666
7 7 5000 0 1 0.5697375193000515 0.07169868312753382 0.0 0.0 0.1602286388062985 0.0 0.9971095317929219 0.2
8 8 5000 0 1 0.5697375193000515 0.09241384958869286 0.0 0.0 0.18166329100282883 0.0 0.9971095317929219 0.16666666666666666
9 9 5000 0 1 0.5697375193000515 0.09915331916747602 0.0 0.0 0.1806070297522206 0.0 0.9974241963752825 0.16666666666666666
10 10 5000 0 1 0.5697375193000515 0.09955435714813185 0.0 0.0 0.18039519533487489 0.0 0.9969508869577969 0.16666666666666666
11 11 5000 0 1 0.5697375193000515 0.1000240612345574 0.0 0.0 0.1807764257433675 0.0 0.9969916229579953 0.16666666666666666
12 12 5000 0 1 0.5697375193000515 0.1004551989591083 0.0 0.0 0.1805474993657856 0.0 0.9975402998430078 0.16666666666666666
13 13 5000 0 1 0.5728255275347401 0.10060959937084275 0.0 0.0 0.18094962626226868 0.0 0.9973342220701960 0.2
14 14 5000 0 1 0.5728255275347401 0.10071734140562802 0.0 0.0 0.1808903204627588 0.0 0.9969180236331804 0.16666666666666666
15 15 5000 0 1 0.5728255275347401 0.10109175638222709 0.0 0.0 0.18096818989472455 0.0 0.9974241963752825 0.2
16 16 5000 0 1 0.5728255275347401 0.10158715624068426 0.0 0.0 0.18072612992009968 0.0 0.9969508869577969 0.16666666666666666
17 17 5000 0 1 0.5728255275347401 0.10206648518016899 0.0 0.0 0.18046859027702536 0.0 0.9969802598282793 0.16666666666666666
18 18 5000 0 1 0.5728255275347401 0.10256570514896775 0.0 0.0 0.1805929005843848 0.0 0.9974241963752825 0.16666666666666666
19 19 5000 0 1 0.5728255275347401 0.1040036919674219 0.0 0.0 0.17996021377237903 0.0 0.9969802598282793 0.16666666666666666
20 20 5000 0 1 0.5728255275347401 0.10705049151084098 0.0 0.0 0.18040585520794025 0.0 0.9969025665743560 0.2
21 21 5000 0 1 0.6689443115818244 0.1404977070899322 0.0 0.0 0.21596481016215727 0.0 0.9974277570710031 0.16666666666666666
22 22 5000 0 1 0.8255275347400927 0.15313280745019983 0.0 0.0 0.24616880283507714 0.0 0.9973342220701960 0.2
23 23 5000 0 1 0.8255275347400927 0.18410944016439995 0.0 0.0 0.26780434122065355 0.0 0.9969802598282793 0.2
24 24 5000 0 1 0.8255275347400927 0.18961080575160247 0.0 0.0 0.2746504433057951 0.0 0.9970288340168460 0.2
25 25 5000 0 1 0.8255275347400927 0.19906729885898677 0.0 0.0 0.27679659652704536 0.0 0.9969025665743560 0.16666666666666666
26 26 5000 0 1 0.8255275347400927 0.2249331334923721 0.0 0.0 0.29479964537575387 0.0 0.9974241963752825 0.16666666666666666
27 27 5000 0 1 0.8255275347400927 0.23428024481224058 0.0 0.0 0.2984211696600345 0.0 0.9969916229579953 0.2
28 28 5000 0 1 0.9861039629439012 0.25636894646195196 0.3081232492997199 0.026551045950295015 0.3113819697645745 0.08078494510067123 0.9931151035113545 0.3333333333333333
29 29 5000 0 1 0.9861039629439012 0.2643344211845167 0.3081232492997199 0.026551045950295015 0.3185990166330464 0.08078494510067123 0.9971095317929219 0.2
30 30 5000 0 1 0.9861039629439012 0.278273608065282 0.3081232492997199 0.026551045950295015 0.3412871471923508 0.08078494510067123 0.9974277570710031 0.16666666666666666
31 31 5000 0 1 0.9861039629439012 0.2813211684777801 0.3081232492997199 0.026551045950295015 0.33907286009708215 0.08078494510067123 0.9969180236331804 0.16666666666666666
32 32 5000 0 1 0.9861039629439012 0.2878337735197969 0.3081232492997199 0.026551045950295015 0.33483130617990203 0.08078494510067123 0.9962795240222963 0.2
33 33 5000 0 1 0.9861039629439012 0.2982298131237573 0.3081232492997199 0.026551045950295015 0.3289085224342721 0.08078494510067123 0.9966702010712384 0.16666666666666666
34 34 5000 0 1 0.9861039629439012 0.3067215616092388 0.3081232492997199 0.026551045950295015 0.3232428143927267 0.08078494510067123 0.9965459942241746 0.16666666666666666
35 35 5000 0 1 0.9861039629439012 0.31066975463200885 0.3081232492997199 0.026551045950295015 0.3220266821510123 0.08078494510067123 0.9965459942241746 0.2
36 36 5000 0 1 0.9861039629439012 0.313854468007805 0.3081232492997199 0.026551045950295015 0.31942025180102557 0.08078494510067123 0.9969508869577969 0.2
37 37 5000 0 1 0.9861039629439012 0.3184878533432184 0.3081232492997199 0.026551045950295015 0.32516704913746197 0.08078494510067123 0.9974241963752825 0.2
38 38 5000 0 1 0.9861039629439012 0.3257773084033741 0.3081232492997199 0.026551045950295015 0.321387563135011 0.08078494510067123 0.9969508869577969 0.16666666666666666
39 39 5000 0 1 0.9861039629439012 0.32735880755682956 0.3081232492997199 0.026551045950295015 0.3201666107525846 0.08078494510067123 0.9969180236331804 0.2
0 5000 5000 1 1 0.9861039629439012 0.3152756699335323 0.3081232492997199 0.026551045950295015 0.32032317729794035 0.08078494510067123 0.0 0.0
1 5001 5000 1 1 0.9477280491971302 0.31087525819910095 0.3081232492997199 0.026551045950295015 0.3115622014538396 0.08078494510067123 0.0 0.0
2 5002 5000 1 1 0.9477280491971302 0.3058420939384689 0.3081232492997199 0.026551045950295015 0.3079760994871978 0.08078494510067123 0.0 0.0
3 5003 5000 1 1 0.9477280491971302 0.2856928402071256 0.3081232492997199 0.026551045950295015 0.28052842359679037 0.08078494510067123 0.0 0.0
4 5004 5000 1 1 0.9477280491971302 0.2817556297078976 0.3081232492997199 0.026551045950295015 0.27810372763059893 0.08078494510067123 0.0 0.0
5 5005 5000 1 1 0.9477280491971302 0.2766849474706511 0.3081232492997199 0.026551045950295015 0.27771048361955625 0.08078494510067123 0.0 0.0
6 5006 5000 1 1 0.9477280491971302 0.25824952023694064 0.3081232492997199 0.026551045950295015 0.27591802699695006 0.08078494510067123 0.0 0.0
7 5007 5000 1 1 0.9477280491971302 0.2556601244292957 0.3081232492997199 0.026551045950295015 0.27268434573083883 0.08078494510067123 0.0 0.0
8 5008 5000 1 1 0.9477280491971302 0.23494495796813664 0.3081232492997199 0.026551045950295015 0.26331940781517643 0.08078494510067123 0.0 0.0
9 5009 5000 1 1 0.9477280491971302 0.22820548838935348 0.3081232492997199 0.026551045950295015 0.2511824711637782 0.08078494510067123 0.0 0.0
10 5010 5000 1 1 0.9477280491971302 0.22780445040869765 0.3081232492997199 0.026551045950295015 0.25118982056409056 0.08078494510067123 0.0 0.0
11 5011 5000 1 1 0.9477280491971302 0.22733474632227207 0.3081232492997199 0.026551045950295015 0.2512569983139022 0.08078494510067123 0.0 0.0
12 5012 5000 1 1 0.9477280491971302 0.22690360859772118 0.3081232492997199 0.026551045950295015 0.2511567859062314 0.08078494510067123 0.0 0.0
13 5013 5000 1 1 0.9477280491971302 0.22674920818598676 0.3081232492997199 0.026551045950295015 0.2510411874125943 0.08078494510067123 0.0 0.0
14 5014 5000 1 1 0.9477280491971302 0.2266414661512015 0.3081232492997199 0.026551045950295015 0.2510982777171893 0.08078494510067123 0.0 0.0
15 5015 5000 1 1 0.9477280491971302 0.2262670511746024 0.3081232492997199 0.026551045950295015 0.2505052212358198 0.08078494510067123 0.0 0.0
16 5016 5000 1 1 0.9477280491971302 0.22577165131614524 0.3081232492997199 0.026551045950295015 0.25052812475412384 0.08078494510067123 0.0 0.0
17 5017 5000 1 1 0.9477280491971302 0.22529232237666053 0.3081232492997199 0.026551045950295015 0.24970875750791705 0.08078494510067123 0.0 0.0
18 5018 5000 1 1 0.9477280491971302 0.22479310240786177 0.3081232492997199 0.026551045950295015 0.248927977557108 0.08078494510067123 0.0 0.0
19 5019 5000 1 1 0.9477280491971302 0.22335511558940763 0.3081232492997199 0.026551045950295015 0.24654908950985857 0.08078494510067123 0.0 0.0
20 5020 5000 1 1 0.9477280491971302 0.22030831604598852 0.3081232492997199 0.026551045950295015 0.24657669349443023 0.08078494510067123 0.0 0.0
21 5021 5000 1 1 0.6195326542840024 0.1868611004668973 0.3081232492997199 0.026551045950295015 0.18274393254538865 0.08078494510067123 0.0 0.0
22 5022 5000 1 1 0.6195326542840024 0.17422600010662967 0.3081232492997199 0.026551045950295015 0.17523413720711087 0.08078494510067123 0.0 0.0
23 5023 5000 1 1 0.609984399375975 0.14324936739242955 0.3081232492997199 0.026551045950295015 0.14611736793186347 0.08078494510067123 0.0 0.0
24 5024 5000 1 1 0.609984399375975 0.13774800180522706 0.3081232492997199 0.026551045950295015 0.14930121902333168 0.08078494510067123 0.0 0.0
25 5025 5000 1 1 0.609984399375975 0.12829150869784273 0.3081232492997199 0.026551045950295015 0.15171733441310156 0.08078494510067123 0.0 0.0
26 5026 5000 1 1 0.28119760479041916 0.10242567406445742 0.3081232492997199 0.026551045950295015 0.1039767227654927 0.08078494510067123 0.0 0.0
27 5027 5000 1 1 0.28119760479041916 0.09307856274458892 0.3081232492997199 0.026551045950295015 0.10436085924086645 0.08078494510067123 0.0 0.0
28 5028 5000 1 1 0.2787837376153058 0.07098986109487757 0.0 0.0 0.0962933190522179 0.0 0.0 0.0
29 5029 5000 1 1 0.2787837376153058 0.06302438637231281 0.0 0.0 0.09524134944255734 0.0 0.0 0.0
30 5030 5000 1 1 0.2487988301650303 0.04908519949154753 0.0 0.0 0.08214385244303365 0.0 0.0 0.0
31 5031 5000 1 1 0.2487988301650303 0.04603763907904945 0.0 0.0 0.0816024756577873 0.0 0.0 0.0
32 5032 5000 1 1 0.2487988301650303 0.03952503403703264 0.0 0.0 0.07979924461520892 0.0 0.0 0.0
33 5033 5000 1 1 0.2487988301650303 0.029128994433072247 0.0 0.0 0.07014340062445162 0.0 0.0 0.0
34 5034 5000 1 1 0.2094833687190375 0.020637245947590734 0.0 0.0 0.050590717684863326 0.0 0.0 0.0
35 5035 5000 1 1 0.2094833687190375 0.016689052924820733 0.0 0.0 0.0489390190516977 0.0 0.0 0.0
36 5036 5000 1 1 0.14578910120311395 0.013504339549024556 0.0 0.0 0.03687470541714645 0.0 0.0 0.0
37 5037 5000 1 1 0.14578910120311395 0.008870954213611138 0.0 0.0 0.032156679932297275 0.0 0.0 0.0
38 5038 5000 1 1 0.031629983069108816 0.0015814991534554407 0.0 0.0 0.006893594989207389 0.0 0.0 0.0
39 5039 5000 1 1 0.0 0.0 0.0 0.0 0.0 0.0 0.0 0.0
78
