0 0 5000 0 1 0.12496785806119826 0.006248392903059913 0.0 0.0 0.0272361132239749 0.0 0.9972328836676390 0.16666666666666666
1 1 5000 0 1 0.23557341124908693 0.01802706346551426 0.0 0.0 0.056838498085426944 0.0 0.9975870904640669 0.2
2 2 5000 0 1 0.36006546644844517 0.03603033678793652 0.0 0.0 0.09348669273849328 0.0 0.9972821544445366 0.2
3 3 5000 0 1 0.49634769905040177 0.04906905117800226 0.0 0.0 0.1310476456025785 0.0 0.9975870904640669 0.2
4 4 5000 0 1 0.49634769905040177 0.06303800904939916 0.0 0.0 0.1396785677791461 0.0 0.9969790662339824 0.16666666666666666
5 5 5000 0 1 0.5360065466448445 0.07183506305921912 0.0 0.0 0.16188394142994364 0.0 0.9972821544445366 0.2
6 6 5000 0 1 0.5360065466448445 0.08971215803128615 0.0 0.0 0.17236654539611523 0.0 0.9976357002091866 0.16666666666666666
7 7 5000 0 1 0.5360065466448445 0.09924185008105232 0.0 0.0 0.1724118704561231 0.0 0.9967320754849523 0.16666666666666666
8 8 5000 0 1 0.5360065466448445 0.10420076743242981 0.0 0.0 0.17090586641229602 0.0 0.9978022056508061 0.16666666666666666
9 9 5000 0 1 0.5360065466448445 0.11692897519792222 0.0 0.0 0.18115079091205316 0.0 0.9972328836676390 0.16666666666666666
10 10 5000 0 1 0.5360065466448445 0.11726774293029571 0.0 0.0 0.18093801709000445 0.0 0.9971768785105256 0.16666666666666666
11 11 5000 0 1 0.5360065466448445 0.11756481788459187 0.0 0.0 0.18075001584166128 0.0 0.9968231252858537 0.2
12 12 5000 0 1 0.5360065466448445 0.11796657098904768 0.0 0.0 0.1815984287629957 0.0 0.9975870904640669 0.2
13 13 5000 0 1 0.5360065466448445 0.11814656584633747 0.0 0.0 0.18185919213215526 0.0 0.9972328836676390 0.16666666666666666
14 14 5000 0 1 0.5360065466448445 0.11885420085564843 0.0 0.0 0.18281435665728454 0.0 0.9976357002091866 0.16666666666666666
15 15 5000 0 1 0.5360065466448445 0.11966647522387949 0.0 0.0 0.18231988526085133 0.0 0.9973506795435334 0.2
16 16 5000 0 1 0.5360065466448445 0.12026237838961507 0.0 0.0 0.18316019269202258 0.0 0.9976357002091866 0.2
17 17 5000 0 1 0.5360065466448445 0.12035904344519747 0.0 0.0 0.18314954967833869 0.0 0.9978022056508061 0.2
18 18 5000 0 1 0.5360065466448445 0.12117131781342852 0.0 0.0 0.18272152583846107 0.0 0.9973506795435334 0.2
19 19 5000 0 1 0.5452809601745772 0.12163503848991515 0.0 0.0 0.18378241768753073 0.0 0.9972821544445366 0.16666666666666666
20 20 5000 0 1 0.5452809601745772 0.13448391308798588 0.0 0.0 0.1838124270249407 0.0 0.9977742740249140 0.16666666666666666
21 21 5000 0 1 0.5452809601745772 0.13760810953951585 0.0 0.0 0.1884837132942286 0.0 0.9972328836676390 0.2
22 22 5000 0 1 0.5715077605321508 0.15221453969472648 0.0 0.0 0.20909628459374732 0.0 0.9969790662339824 0.2
23 23 5000 0 1 0.8960893854748604 0.18126616375554241 0.271830985915493 0.022254026854122942 0.2590361032413799 0.06855751514562923 0.9929207092322688 0.16666666666666666
24 24 5000 0 1 0.8960893854748604 0.19234011873946522 0.271830985915493 0.022254026854122942 0.2666581473794895 0.06855751514562923 0.9977742740249140 0.16666666666666666
25 25 5000 0 1 0.8960893854748604 0.20598115756692734 0.271830985915493 0.022254026854122942 0.2855729964695644 0.06855751514562923 0.9972328836676390 0.16666666666666666
26 26 5000 0 1 0.8960893854748604 0.22457103688092267 0.271830985915493 0.022254026854122942 0.2840978727270493 0.06855751514562923 0.9971768785105256 0.16666666666666666
27 27 5000 0 1 0.9674945215485756 0.25706697966855957 0.3646496815286624 0.05309664308914637 0.3340112555695637 0.11047578585337614 0.9925127579329072 0.3333333333333333
28 28 5000 0 1 0.9674945215485756 0.2634953674289093 0.3646496815286624 0.05309664308914637 0.34391918223549317 0.11047578585337614 0.9972328836676390 0.2
29 29 5000 0 1 0.9674945215485756 0.2728788917060506 0.3646496815286624 0.05309664308914637 0.35389496724285285 0.11047578585337614 0.9972821544445366 0.2
30 30 5000 0 1 0.9674945215485756 0.2770607929857581 0.3646496815286624 0.05309664308914637 0.35201519951574944 0.11047578585337614 0.9968231252858537 0.2
31 31 5000 0 1 0.9843575418994414 0.28260537082526865 0.3646496815286624 0.05459561899123755 0.3598529059940389 0.11299087472583688 0.9929207092322688 0.4
32 32 5000 0 1 0.9843575418994414 0.2876600332046898 0.3646496815286624 0.05459561899123755 0.36326227463310024 0.11299087472583688 0.9977742740249140 0.16666666666666666
33 33 5000 0 1 0.9843575418994414 0.29168537239064357 0.3646496815286624 0.05459561899123755 0.36048784378881393 0.11299087472583688 0.9965061004327848 0.16666666666666666
34 34 5000 0 1 0.9843575418994414 0.3029385311068422 0.3646496815286624 0.05762425335247103 0.3757563624957259 0.11890406432921177 0.9928029297175560 0.16666666666666666
35 35 5000 0 1 0.9843575418994414 0.3058921622734736 0.3646496815286624 0.05762425335247103 0.3765705658446398 0.11890406432921177 0.9971768785105256 0.2
36 36 5000 0 1 0.9843575418994414 0.30797576355964723 0.3646496815286624 0.05762425335247103 0.37819077795204903 0.11890406432921177 0.9977742740249140 0.2
37 37 5000 0 1 0.9843575418994414 0.3118148860459361 0.3646496815286624 0.05762425335247103 0.37726847071041275 0.11890406432921177 0.9968231252858537 0.2
38 38 5000 0 1 0.9843575418994414 0.32278051616050235 0.3646496815286624 0.05762425335247103 0.39223999070302645 0.11890406432921177 0.9972821544445366 0.16666666666666666
39 39 5000 0 1 0.9843575418994414 0.33621663950852 0.3646496815286624 0.05762425335247103 0.3854976413022671 0.11890406432921177 0.9960784468014383 0.2
0 5000 5000 1 1 0.9843575418994414 0.3299682466054601 0.3646496815286624 0.05762425335247103 0.3781098153136503 0.11890406432921177 0.0 0.0
1 5001 5000 1 1 0.9843575418994414 0.31818957604300574 0.3646496815286624 0.05762425335247103 0.361364930542178 0.11890406432921177 0.0 0.0
2 5002 5000 1 1 0.9843575418994414 0.30018630272058344 0.3646496815286624 0.05762425335247103 0.33750854823356574 0.11890406432921177 0.0 0.0
3 5003 5000 1 1 0.9843575418994414 0.28714758833051773 0.3646496815286624 0.05762425335247103 0.32539766412830157 0.11890406432921177 0.0 0.0
4 5004 5000 1 1 0.9843575418994414 0.27317863045912083 0.3646496815286624 0.05762425335247103 0.30110908101835643 0.11890406432921177 0.0 0.0
5 5005 5000 1 1 0.9843575418994414 0.2643815764493009 0.3646496815286624 0.05762425335247103 0.29414993152711616 0.11890406432921177 0.0 0.0
6 5006 5000 1 1 0.7220365132424788 0.24650448147723383 0.3646496815286624 0.05762425335247103 0.2585618780130924 0.11890406432921177 0.0 0.0
7 5007 5000 1 1 0.7220365132424788 0.2369747894274677 0.3646496815286624 0.05762425335247103 0.2639040596780523 0.11890406432921177 0.0 0.0
8 5008 5000 1 1 0.7220365132424788 0.23201587207609017 0.3646496815286624 0.05762425335247103 0.2673201213090948 0.11890406432921177 0.0 0.0
9 5009 5000 1 1 0.6851441241685144 0.2192876643105978 0.3646496815286624 0.05762425335247103 0.2491265067830544 0.11890406432921177 0.0 0.0
10 5010 5000 1 1 0.6851441241685144 0.2189488965782243 0.3646496815286624 0.05762425335247103 0.2488337832141313 0.11890406432921177 0.0 0.0
11 5011 5000 1 1 0.6851441241685144 0.2186518216239281 0.3646496815286624 0.05762425335247103 0.24879107482320462 0.11890406432921177 0.0 0.0
12 5012 5000 1 1 0.6851441241685144 0.21825006851947232 0.3646496815286624 0.05762425335247103 0.24838917914503778 0.11890406432921177 0.0 0.0
13 5013 5000 1 1 0.6851441241685144 0.21807007366218256 0.3646496815286624 0.05762425335247103 0.24820975488553487 0.11890406432921177 0.0 0.0
14 5014 5000 1 1 0.6851441241685144 0.2173624386528715 0.3646496815286624 0.05762425335247103 0.24706094646948457 0.11890406432921177 0.0 0.0
15 5015 5000 1 1 0.6851441241685144 0.21655016428464044 0.3646496815286624 0.05762425335247103 0.24769331839365177 0.11890406432921177 0.0 0.0
16 5016 5000 1 1 0.6851441241685144 0.21595426111890487 0.3646496815286624 0.05762425335247103 0.24675217764216975 0.11890406432921177 0.0 0.0
17 5017 5000 1 1 0.6851441241685144 0.21585759606332253 0.3646496815286624 0.05762425335247103 0.24683636564669548 0.11890406432921177 0.0 0.0
18 5018 5000 1 1 0.6851441241685144 0.21504532169509147 0.3646496815286624 0.05762425335247103 0.24751769029298606 0.11890406432921177 0.0 0.0
19 5019 5000 1 1 0.6851441241685144 0.21458160101860485 0.3646496815286624 0.05762425335247103 0.24714870060811175 0.11890406432921177 0.0 0.0
20 5020 5000 1 1 0.6851441241685144 0.2017327264205341 0.3646496815286624 0.05762425335247103 0.2318825536494129 0.11890406432921177 0.0 0.0
21 5021 5000 1 1 0.6851441241685144 0.1986085299690041 0.3646496815286624 0.05762425335247103 0.22872913696561648 0.11890406432921177 0.0 0.0
22 5022 5000 1 1 0.6007448789571694 0.18400209981379348 0.3646496815286624 0.05762425335247103 0.20532298941750168 0.11890406432921177 0.0 0.0
23 5023 5000 1 1 0.4631117604090577 0.15495047575297757 0.3646496815286624 0.03537022649834809 0.18127225351933676 0.10155002978175347 0.0 0.0
24 5024 5000 1 1 0.4631117604090577 0.14387652076905472 0.3646496815286624 0.03537022649834809 0.17479766761567153 0.10155002978175347 0.0 0.0
25 5025 5000 1 1 0.4631117604090577 0.13023548194159268 0.3646496815286624 0.03537022649834809 0.16451213568793358 0.10155002978175347 0.0 0.0
26 5026 5000 1 1 0.4631117604090577 0.11164560262759733 0.3646496815286624 0.03537022649834809 0.14984260016389556 0.10155002978175347 0.0 0.0
27 5027 5000 1 1 0.40698308783415166 0.07914965983996043 0.0605726872246696 0.004527610263324663 0.11105083240459206 0.013657410487526942 0.0 0.0
28 5028 5000 1 1 0.40698308783415166 0.07272127207961072 0.0605726872246696 0.004527610263324663 0.11172327077967772 0.013657410487526942 0.0 0.0
29 5029 5000 1 1 0.2687224669603524 0.06333774780246941 0.0605726872246696 0.004527610263324663 0.0887802992613528 0.013657410487526942 0.0 0.0
30 5030 5000 1 1 0.2687224669603524 0.05915584652276192 0.0605726872246696 0.004527610263324663 0.08492950480322073 0.013657410487526942 0.0 0.0
31 5031 5000 1 1 0.2687224669603524 0.05361126868325135 0.0605726872246696 0.0030286343612334803 0.08514343509550328 0.013201511117551601 0.0 0.0
32 5032 5000 1 1 0.2687224669603524 0.048556606303830116 0.0605726872246696 0.0030286343612334803 0.0826653517330486 0.013201511117551601 0.0 0.0
33 5033 5000 1 1 0.2687224669603524 0.0445312671178764 0.0605726872246696 0.0030286343612334803 0.0820512645468788 0.013201511117551601 0.0 0.0
34 5034 5000 1 1 0.2687224669603524 0.03327810840167776 0.0 0.0 0.07391982445134807 0.0 0.0 0.0
35 5035 5000 1 1 0.2687224669603524 0.030324477235046388 0.0 0.0 0.07401027148148533 0.0 0.0 0.0
36 5036 5000 1 1 0.2687224669603524 0.028240875948872757 0.0 0.0 0.07424768847302587 0.0 0.0 0.0
37 5037 5000 1 1 0.2687224669603524 0.024401753462583907 0.0 0.0 0.07362094482281398 0.0 0.0 0.0
38 5038 5000 1 1 0.2687224669603524 0.01343612334801762 0.0 0.0 0.05856670386695618 0.0 0.0 0.0
39 5039 5000 1 1 0.0 0.0 0.0 0.0 0.0 0.0 0.0 0.0
82
