0 0 5000 0 1 0.10425968384216243 0.0052129841921081214 0.0 0.0 0.02272287128767433 0.0 0.9969217640714771 0.2
1 1 5000 0 1 0.649644473173885 0.03769520785080237 0.0 0.0 0.1422127718072358 0.0 0.9974567870297537 0.2
2 2 5000 0 1 0.649644473173885 0.03964126452543535 0.0 0.0 0.14194968840562575 0.0 0.9973420586683748 0.2
3 3 5000 0 1 0.649644473173885 0.048244883508023265 0.0 0.0 0.1467778781177891 0.0 0.9973420586683748 0.2
4 4 5000 0 1 0.649644473173885 0.05792395486343467 0.0 0.0 0.16270912920611583 0.0 0.9973420586683748 0.2
5 5 5000 0 1 0.649644473173885 0.059771517764792705 0.0 0.0 0.16225005612207435 0.0 0.9966973348384443 0.2
6 6 5000 0 1 0.9599224305106658 0.07654870650435519 0.09489916963226572 0.006340490990588156 0.22166178196573405 0.021471033360946093 0.9922606799749090 0.16666666666666666
7 7 5000 0 1 0.9599224305106658 0.08795210942459171 0.09489916963226572 0.006340490990588156 0.22855340476370428 0.021471033360946093 0.9969217640714771 0.2
8 8 5000 0 1 0.9599224305106658 0.10060506438423764 0.09489916963226572 0.006340490990588156 0.23033193175453762 0.021471033360946093 0.9972952626123050 0.16666666666666666
9 9 5000 0 1 0.9599224305106658 0.12002737514120976 0.09489916963226572 0.006340490990588156 0.23730177008411205 0.021471033360946093 0.9974565870563245 0.16666666666666666
10 10 5000 0 1 0.9599224305106658 0.12017475907636081 0.09489916963226572 0.006340490990588156 0.23726673214886884 0.021471033360946093 0.9966973348384443 0.2
11 11 5000 0 1 0.9599224305106658 0.12033163128584556 0.09489916963226572 0.006340490990588156 0.237407943354793 0.021471033360946093 0.9969217640714771 0.2
12 12 5000 0 1 0.9599224305106658 0.12074818947381745 0.09489916963226572 0.006340490990588156 0.2376476507116342 0.021471033360946093 0.9972952626123050 0.2
13 13 5000 0 1 0.9599224305106658 0.12096321020795966 0.09489916963226572 0.006340490990588156 0.23754022312962284 0.021471033360946093 0.9965775287953769 0.16666666666666666
14 14 5000 0 1 0.9599224305106658 0.12120219962414265 0.09489916963226572 0.006340490990588156 0.2378276754520444 0.021471033360946093 0.9973420586683748 0.16666666666666666
15 15 5000 0 1 0.9599224305106658 0.12132359158529722 0.09489916963226572 0.006340490990588156 0.23776639217867215 0.021471033360946093 0.9966962796936420 0.2
16 16 5000 0 1 0.9599224305106658 0.12157259556936098 0.09489916963226572 0.006340490990588156 0.2380484499032849 0.021471033360946093 0.9974565870563245 0.2
17 17 5000 0 1 0.9599224305106658 0.12174793951325091 0.09489916963226572 0.006340490990588156 0.23796190040190915 0.021471033360946093 0.9966962796936420 0.16666666666666666
18 18 5000 0 1 0.9599224305106658 0.12207164469253377 0.09489916963226572 0.006340490990588156 0.23833536107789607 0.021471033360946093 0.9974565870563245 0.16666666666666666
19 19 5000 0 1 0.9599224305106658 0.12220438271594394 0.09489916963226572 0.006340490990588156 0.23845488039099683 0.021471033360946093 0.9969217640714771 0.16666666666666666
20 20 5000 0 1 0.9599224305106658 0.15600548094657238 0.09489916963226572 0.006340490990588156 0.26515507893274454 0.021471033360946093 0.9975496255583429 0.16666666666666666
21 21 5000 0 1 0.9599224305106658 0.16639604837472272 0.09489916963226572 0.006340490990588156 0.26546328640444045 0.021471033360946093 0.9966973348384443 0.16666666666666666
22 22 5000 0 1 0.9599224305106658 0.19447286741718955 0.09489916963226572 0.006340490990588156 0.2758710940507792 0.021471033360946093 0.9970503997562215 0.16666666666666666
23 23 5000 0 1 0.9599224305106658 0.1990343787057781 0.09489916963226572 0.006340490990588156 0.27343235593543747 0.021471033360946093 0.9965775287953769 0.2
24 24 5000 0 1 0.9599224305106658 0.20448352896205 0.09489916963226572 0.006340490990588156 0.27060112097708433 0.021471033360946093 0.9966962796936420 0.2
25 25 5000 0 1 0.9599224305106658 0.214350751039634 0.09489916963226572 0.006340490990588156 0.2760396145430546 0.021471033360946093 0.9972952626123050 0.2
26 26 5000 0 1 0.9599224305106658 0.21978641330022203 0.09489916963226572 0.006340490990588156 0.27509685956696966 0.021471033360946093 0.9966962796936420 0.2
27 27 5000 0 1 0.9599224305106658 0.2250501252699031 0.09489916963226572 0.006340490990588156 0.2770643592451413 0.021471033360946093 0.9966973348384443 0.2
28 28 5000 0 1 0.9599224305106658 0.236081001763927 0.09489916963226572 0.006340490990588156 0.28798278974281083 0.021471033360946093 0.9974565870563245 0.2
29 29 5000 0 1 0.9599224305106658 0.24792687523437737 0.09489916963226572 0.006340490990588156 0.3014553234164321 0.021471033360946093 0.9972952626123050 0.2
30 30 5000 0 1 0.9599224305106658 0.2540549661574307 0.09489916963226572 0.006340490990588156 0.2995346933476086 0.021471033360946093 0.9965775287953769 0.16666666666666666
31 31 5000 0 1 0.9599224305106658 0.2600678674014792 0.09489916963226572 0.006340490990588156 0.2999591624801996 0.021471033360946093 0.9965775287953769 0.16666666666666666
32 32 5000 0 1 0.9599224305106658 0.26910671202299313 0.09489916963226572 0.006340490990588156 0.31311965264717034 0.021471033360946093 0.9974565870563245 0.16666666666666666
33 33 5000 0 1 0.9599224305106658 0.27071829913029627 0.09489916963226572 0.006340490990588156 0.3118106574602586 0.021471033360946093 0.9964366993749327 0.2
34 34 5000 0 1 0.9599224305106658 0.2760594345884636 0.09489916963226572 0.006340490990588156 0.3216141711475151 0.021471033360946093 0.9974565870563245 0.2
35 35 5000 0 1 0.9599224305106658 0.2879880253377198 0.09489916963226572 0.006340490990588156 0.3360801759573025 0.021471033360946093 0.9970503997562215 0.16666666666666666
36 36 5000 0 1 0.9599224305106658 0.28999232575240264 0.09489916963226572 0.006340490990588156 0.33649382586777493 0.021471033360946093 0.9965775287953769 0.2
37 37 5000 0 1 0.9599224305106658 0.2952777125027345 0.09489916963226572 0.006340490990588156 0.33803492715749234 0.021471033360946093 0.9969217640714771 0.16666666666666666
38 38 5000 0 1 0.9599224305106658 0.2972360968356598 0.09489916963226572 0.006340490990588156 0.33661579267573494 0.021471033360946093 0.9964366993749327 0.2
39 39 5000 0 1 0.9599224305106658 0.29944773867255126 0.09489916963226572 0.006340490990588156 0.33728667346046604 0.021471033360946093 0.9965775287953769 0.2
0 5000 5000 1 1 0.9599224305106658 0.2942347544804431 0.09489916963226572 0.006340490990588156 0.3358174031375679 0.021471033360946093 0.0 0.0
1 5001 5000 1 1 0.9081175298804781 0.2617525308217489 0.09489916963226572 0.006340490990588156 0.29928932241764805 0.021471033360946093 0.0 0.0
2 5002 5000 1 1 0.9081175298804781 0.2598064741471159 0.09489916963226572 0.006340490990588156 0.2984486046608196 0.021471033360946093 0.0 0.0
3 5003 5000 1 1 0.9081175298804781 0.25120285516452795 0.09489916963226572 0.006340490990588156 0.2976145247816148 0.021471033360946093 0.0 0.0
4 5004 5000 1 1 0.9081175298804781 0.24152378380911657 0.09489916963226572 0.006340490990588156 0.30228682635497783 0.021471033360946093 0.0 0.0
5 5005 5000 1 1 0.9081175298804781 0.23967622090775853 0.09489916963226572 0.006340490990588156 0.3015575564282377 0.021471033360946093 0.0 0.0
6 5006 5000 1 1 0.9081175298804781 0.222899032168196 0.0 0.0 0.3050469630508446 0.0 0.0 0.0
7 5007 5000 1 1 0.9081175298804781 0.2114956292479595 0.0 0.0 0.304735159734962 0.0 0.0 0.0
8 5008 5000 1 1 0.9081175298804781 0.1988426742883136 0.0 0.0 0.2892288778589862 0.0 0.0 0.0
9 5009 5000 1 1 0.8001081958344604 0.17942036353134147 0.0 0.0 0.25153355128173416 0.0 0.0 0.0
10 5010 5000 1 1 0.8001081958344604 0.1792729795961904 0.0 0.0 0.2514543120416755 0.0 0.0 0.0
11 5011 5000 1 1 0.8001081958344604 0.17911610738670566 0.0 0.0 0.2514975189267273 0.0 0.0 0.0
12 5012 5000 1 1 0.8001081958344604 0.17869954919873382 0.0 0.0 0.2510673056052608 0.0 0.0 0.0
13 5013 5000 1 1 0.8001081958344604 0.1784845284645916 0.0 0.0 0.2508600272383838 0.0 0.0 0.0
14 5014 5000 1 1 0.8001081958344604 0.17824553904840856 0.0 0.0 0.2510276193126796 0.0 0.0 0.0
15 5015 5000 1 1 0.8001081958344604 0.17812414708725402 0.0 0.0 0.2510062285868323 0.0 0.0 0.0
16 5016 5000 1 1 0.8001081958344604 0.17787514310319028 0.0 0.0 0.25066952673809323 0.0 0.0 0.0
17 5017 5000 1 1 0.8001081958344604 0.17769979915930034 0.0 0.0 0.25064038222050905 0.0 0.0 0.0
18 5018 5000 1 1 0.8001081958344604 0.17737609398001747 0.0 0.0 0.2502087535821074 0.0 0.0 0.0
19 5019 5000 1 1 0.8001081958344604 0.17724335595660728 0.0 0.0 0.25024603212577434 0.0 0.0 0.0
20 5020 5000 1 1 0.8001081958344604 0.14344225772597888 0.0 0.0 0.22497181532804655 0.0 0.0 0.0
21 5021 5000 1 1 0.8001081958344604 0.13305169029782854 0.0 0.0 0.2216714927704992 0.0 0.0 0.0
22 5022 5000 1 1 0.5082171314741036 0.10497487125536167 0.0 0.0 0.16327415195407388 0.0 0.0 0.0
23 5023 5000 1 1 0.5082171314741036 0.10041335996677311 0.0 0.0 0.1555464177889252 0.0 0.0 0.0
24 5024 5000 1 1 0.5082171314741036 0.0949642097105012 0.0 0.0 0.15323405442173538 0.0 0.0 0.0
25 5025 5000 1 1 0.5082171314741036 0.08509698763291725 0.0 0.0 0.13650898599089936 0.0 0.0 0.0
26 5026 5000 1 1 0.5082171314741036 0.07966132537232917 0.0 0.0 0.1376202939837025 0.0 0.0 0.0
27 5027 5000 1 1 0.5082171314741036 0.07439761340264814 0.0 0.0 0.13855011339667553 0.0 0.0 0.0
28 5028 5000 1 1 0.3271386883735217 0.06336673690862424 0.0 0.0 0.10925767415356702 0.0 0.0 0.0
29 5029 5000 1 1 0.3271386883735217 0.05152086343817384 0.0 0.0 0.1024289459719295 0.0 0.0 0.0
30 5030 5000 1 1 0.2875996015936255 0.04539277251512054 0.0 0.0 0.08847136971556062 0.0 0.0 0.0
31 5031 5000 1 1 0.2875996015936255 0.03937987127107201 0.0 0.0 0.08123922322895501 0.0 0.0 0.0
32 5032 5000 1 1 0.23857181498512306 0.03034102664955806 0.0 0.0 0.06053830004080254 0.0 0.0 0.0
33 5033 5000 1 1 0.23857181498512306 0.02872943954225492 0.0 0.0 0.0598489301140409 0.0 0.0 0.0
34 5034 5000 1 1 0.23857181498512306 0.02338830408408759 0.0 0.0 0.057355974445805015 0.0 0.0 0.0
35 5035 5000 1 1 0.1057077350066369 0.01145971333483144 0.0 0.0 0.029318424200087616 0.0 0.0 0.0
36 5036 5000 1 1 0.1057077350066369 0.009455412920148596 0.0 0.0 0.025373884305006825 0.0 0.0 0.0
37 5037 5000 1 1 0.04423283673782829 0.004170026169816751 0.0 0.0 0.012535687374283089 0.0 0.0 0.0
38 5038 5000 1 1 0.04423283673782829 0.0022116418368914145 0.0 0.0 0.009640323266316341 0.0 0.0 0.0
39 5039 5000 1 1 0.0 0.0 0.0 0.0 0.0 0.0 0.0 0.0
1424
