0 0 5000 0 1 0.12857142857142856 0.006428571428571428 0.0 0.0 0.028021493208475756 0.0 0.9970280825220868 0.2
1 1 5000 0 1 0.43 0.027928571428571424 0.0 0.0 0.09639255941307961 0.0 0.9974589741357659 0.2
2 2 5000 0 1 0.5852417302798982 0.057190657942566336 0.0 0.0 0.15468081134837552 0.0 0.9972608227918288 0.16666666666666666
3 3 5000 0 1 0.5852417302798982 0.0599220691717014 0.0 0.0 0.15412813671594844 0.0 0.9973353765591513 0.16666666666666666
4 4 5000 0 1 0.5852417302798982 0.06986901877382341 0.0 0.0 0.1563435104015337 0.0 0.9969760172171101 0.2
5 5 5000 0 1 0.5852417302798982 0.0909679198727245 0.0 0.0 0.17306959043906334 0.0 0.9967601386319671 0.2
6 6 5000 0 1 0.5852417302798982 0.10247525421769162 0.0 0.0 0.17785582143456094 0.0 0.9973353765591513 0.2
7 7 5000 0 1 0.5852417302798982 0.10799914724706472 0.0 0.0 0.1762961231083909 0.0 0.9974999945557386 0.2
8 8 5000 0 1 0.98 0.15152968159820973 0.6481481481481481 0.05184801777111659 0.2871601127898911 0.1481717887202294 0.9923772783880693 0.3333333333333333
9 9 5000 0 1 0.98 0.20583688669059264 0.9731543624161074 0.12606610318439582 0.3353139869238164 0.253396180736168 0.9916308394941455 0.3333333333333333
10 10 5000 0 1 0.98 0.20600372019075947 0.9731543624161074 0.12606610318439582 0.33521234715494014 0.253396180736168 0.9971496659731657 0.2
11 11 5000 0 1 0.98 0.20736071392771138 0.9731543624161074 0.12606610318439582 0.3382201774833328 0.253396180736168 0.9969911517276769 0.2
12 12 5000 0 1 0.9895615866388309 0.20850893939744003 0.9731543624161074 0.12606610318439582 0.3408247167233076 0.253396180736168 0.9969911517276769 0.16666666666666666
13 13 5000 0 1 0.9895615866388309 0.20883152004260128 0.9731543624161074 0.12606610318439582 0.34075195091014987 0.253396180736168 0.9970280825220868 0.2
14 14 5000 0 1 0.9895615866388309 0.2090945625678095 0.9731543624161074 0.12606610318439582 0.3406779480612318 0.253396180736168 0.9974999945557386 0.16666666666666666
15 15 5000 0 1 0.9923809523809524 0.20971361018685714 0.9731543624161074 0.12606610318439582 0.3420865385037187 0.253396180736168 0.9974589741357659 0.2
16 16 5000 0 1 0.9923809523809524 0.20989907638142805 0.9731543624161074 0.12606610318439582 0.3422076956641739 0.253396180736168 0.9973353765591513 0.2
17 17 5000 0 1 0.9938095238095238 0.2101812619921417 0.9731543624161074 0.12634733826690994 0.3425109578155314 0.25347035457838546 0.9928875479783119 0.16666666666666666
18 18 5000 0 1 0.9938095238095238 0.2104808011626486 0.9731543624161074 0.12634733826690994 0.3424477117929543 0.25347035457838546 0.9970280825220868 0.16666666666666666
19 19 5000 0 1 0.9938095238095238 0.21166824815162233 0.9731543624161074 0.12634733826690994 0.3448893442142246 0.25347035457838546 0.9972608227918288 0.16666666666666666
20 20 5000 0 1 0.9938095238095238 0.23326920394612652 0.9731543624161074 0.12634733826690994 0.34448455893284613 0.25347035457838546 0.9972004764390312 0.16666666666666666
21 21 5000 0 1 0.9938095238095238 0.25158911188628763 0.9731543624161074 0.12634733826690994 0.3413201315067802 0.25347035457838546 0.9964336589505043 0.16666666666666666
22 22 5000 0 1 0.9938095238095238 0.2564384056244703 0.9731543624161074 0.12634733826690994 0.3384354170198607 0.25347035457838546 0.9971496659731657 0.2
23 23 5000 0 1 0.9974204643164231 0.3108361778114848 0.9731543624161074 0.16492980487042713 0.36707020601735135 0.27759154558204857 0.9920125059512576 0.3333333333333333
24 24 5000 0 1 0.9974204643164231 0.3246955942571082 0.9731543624161074 0.16492980487042713 0.3678157987530428 0.27759154558204857 0.9969760172171101 0.2
25 25 5000 0 1 0.9974204643164231 0.3437508937962787 0.9731543624161074 0.16492980487042713 0.3676781526169498 0.27759154558204857 0.9970280825220868 0.16666666666666666
26 26 5000 0 1 0.9974204643164231 0.3707688651639302 0.9731543624161074 0.16492980487042713 0.3612225976583823 0.27759154558204857 0.9967742211479069 0.16666666666666666
27 27 5000 0 1 0.9974204643164231 0.381968954141797 0.9731543624161074 0.16492980487042713 0.35893609023633805 0.27759154558204857 0.9971496659731657 0.16666666666666666
28 28 5000 0 1 0.9974204643164231 0.3959196090306182 0.9731543624161074 0.16492980487042713 0.3700705516489463 0.27759154558204857 0.9967742211479069 0.2
29 29 5000 0 1 0.9974204643164231 0.4121394707740005 0.9731543624161074 0.16492980487042713 0.37863023416452074 0.27759154558204857 0.9973353765591513 0.16666666666666666
30 30 5000 0 1 0.9974204643164231 0.41457261413217666 0.9731543624161074 0.16492980487042713 0.3768699599189991 0.27759154558204857 0.9974999945557386 0.2
31 31 5000 0 1 0.9974204643164231 0.4171591989633911 0.9731543624161074 0.16492980487042713 0.3753184081241192 0.27759154558204857 0.9974999945557386 0.2
32 32 5000 0 1 0.9974204643164231 0.41946066583238445 0.9731543624161074 0.16492980487042713 0.3775712309742783 0.27759154558204857 0.9973353765591513 0.2
33 33 5000 0 1 0.9974204643164231 0.4217963348347202 0.9731543624161074 0.16492980487042713 0.37768001216100333 0.27759154558204857 0.9971496659731657 0.2
34 34 5000 0 1 0.9974204643164231 0.42545571343080757 0.9731543624161074 0.16492980487042713 0.377480033603305 0.27759154558204857 0.9964336589505043 0.2
35 35 5000 0 1 0.9974204643164231 0.42804229826202195 0.9731543624161074 0.16492980487042713 0.3762119526026054 0.27759154558204857 0.9974999945557386 0.2
36 36 5000 0 1 0.9974204643164231 0.4430621921612262 0.9731543624161074 0.16492980487042713 0.3837528425968525 0.27759154558204857 0.9969760172171101 0.16666666666666666
37 37 5000 0 1 0.9974204643164231 0.44856416498016527 0.9731543624161074 0.16492980487042713 0.3819863163808995 0.27759154558204857 0.9974999945557386 0.16666666666666666
38 38 5000 0 1 0.9974204643164231 0.4584320922069362 0.9731543624161074 0.17369484934975732 0.39047850755458846 0.2751406042768137 0.9936737867705636 0.3333333333333333
39 39 5000 0 1 0.9974204643164231 0.47067699016611986 0.9731543624161074 0.17369484934975732 0.3929752220132262 0.2751406042768137 0.9967601386319671 0.16666666666666666
0 5000 5000 1 1 0.9974204643164231 0.46424841873754835 0.9731543624161074 0.17369484934975732 0.39313270207592976 0.2751406042768137 0.0 0.0
1 5001 5000 1 1 0.9974204643164231 0.4427484187375484 0.9731543624161074 0.17369484934975732 0.37491991668011815 0.2751406042768137 0.0 0.0
2 5002 5000 1 1 0.9974204643164231 0.4134863322235535 0.9731543624161074 0.17369484934975732 0.3582476835325705 0.2751406042768137 0.0 0.0
3 5003 5000 1 1 0.9974204643164231 0.41075492099441846 0.9731543624161074 0.17369484934975732 0.3554125671742378 0.2751406042768137 0.0 0.0
4 5004 5000 1 1 0.9974204643164231 0.40080797139229646 0.9731543624161074 0.17369484934975732 0.3477375305965698 0.2751406042768137 0.0 0.0
5 5005 5000 1 1 0.9974204643164231 0.37970907029339535 0.9731543624161074 0.17369484934975732 0.34373247426164344 0.2751406042768137 0.0 0.0
6 5006 5000 1 1 0.9974204643164231 0.36820173594842825 0.9731543624161074 0.17369484934975732 0.33470363688239074 0.2751406042768137 0.0 0.0
7 5007 5000 1 1 0.9974204643164231 0.36267784291905514 0.9731543624161074 0.17369484934975732 0.33468604120420276 0.2751406042768137 0.0 0.0
8 5008 5000 1 1 0.9974204643164231 0.3191473085679101 0.9731543624161074 0.1218468315786407 0.3462794514899122 0.2574770947676755 0.0 0.0
9 5009 5000 1 1 0.9974204643164231 0.2648401034755273 0.7024128686327078 0.04762874616536147 0.31010051933267974 0.15295074052431917 0.0 0.0
10 5010 5000 1 1 0.9974204643164231 0.2646732699753604 0.7024128686327078 0.04762874616536147 0.3099955124761863 0.15295074052431917 0.0 0.0
11 5011 5000 1 1 0.9974204643164231 0.26331627623840836 0.7024128686327078 0.04762874616536147 0.31098961756283416 0.15295074052431917 0.0 0.0
12 5012 5000 1 1 0.9974204643164231 0.26216805076867983 0.7024128686327078 0.04762874616536147 0.31191593143907204 0.15295074052431917 0.0 0.0
13 5013 5000 1 1 0.9974204643164231 0.26184547012351855 0.7024128686327078 0.04762874616536147 0.3117832001333226 0.15295074052431917 0.0 0.0
14 5014 5000 1 1 0.9974204643164231 0.26158242759831024 0.7024128686327078 0.04762874616536147 0.311743610358893 0.15295074052431917 0.0 0.0
15 5015 5000 1 1 0.9974204643164231 0.26096337997926267 0.7024128686327078 0.04762874616536147 0.3122468994738707 0.15295074052431917 0.0 0.0
16 5016 5000 1 1 0.9974204643164231 0.26077791378469173 0.7024128686327078 0.04762874616536147 0.3121782133709466 0.15295074052431917 0.0 0.0
17 5017 5000 1 1 0.9974204643164231 0.26049572817397804 0.7024128686327078 0.04734751108284734 0.31216214119875907 0.1530346218000336 0.0 0.0
18 5018 5000 1 1 0.9974204643164231 0.26019618900347113 0.7024128686327078 0.04734751108284734 0.3120433675048272 0.1530346218000336 0.0 0.0
19 5019 5000 1 1 0.9974204643164231 0.2590087420144974 0.7024128686327078 0.04734751108284734 0.3129846496694651 0.1530346218000336 0.0 0.0
20 5020 5000 1 1 0.9974204643164231 0.23740778621999326 0.7024128686327078 0.04734751108284734 0.3151990428063667 0.1530346218000336 0.0 0.0
21 5021 5000 1 1 0.9974204643164231 0.21908787827983217 0.7024128686327078 0.04734751108284734 0.31355930130696 0.1530346218000336 0.0 0.0
22 5022 5000 1 1 0.9974204643164231 0.21423858454164954 0.7024128686327078 0.04734751108284734 0.31055890531340924 0.1530346218000336 0.0 0.0
23 5023 5000 1 1 0.9728906487968322 0.159840812354635 0.18406593406593408 0.008765044479330195 0.25336296510029105 0.03919847056318314 0.0 0.0
24 5024 5000 1 1 0.9728906487968322 0.14598139590901166 0.18406593406593408 0.008765044479330195 0.23719814999714292 0.03919847056318314 0.0 0.0
25 5025 5000 1 1 0.9728906487968322 0.12692609636984115 0.18406593406593408 0.008765044479330195 0.23281152798642574 0.03919847056318314 0.0 0.0
26 5026 5000 1 1 0.4325312214438014 0.09990812500218961 0.18406593406593408 0.008765044479330195 0.14952645321806654 0.03919847056318314 0.0 0.0
27 5027 5000 1 1 0.4325312214438014 0.08870803602432285 0.18406593406593408 0.008765044479330195 0.14462174839882277 0.03919847056318314 0.0 0.0
28 5028 5000 1 1 0.3704265722475131 0.07475738113550165 0.18406593406593408 0.008765044479330195 0.1225566300512565 0.03919847056318314 0.0 0.0
29 5029 5000 1 1 0.30600613765892154 0.058537519392119416 0.18406593406593408 0.008765044479330195 0.10211412806661889 0.03919847056318314 0.0 0.0
30 5030 5000 1 1 0.3003978779840849 0.05610437603394318 0.18406593406593408 0.008765044479330195 0.09662052290506043 0.03919847056318314 0.0 0.0
31 5031 5000 1 1 0.3003978779840849 0.0535177912027288 0.18406593406593408 0.008765044479330195 0.09176927864710997 0.03919847056318314 0.0 0.0
32 5032 5000 1 1 0.3003978779840849 0.05121632433373537 0.18406593406593408 0.008765044479330195 0.09250247350957663 0.03919847056318314 0.0 0.0
33 5033 5000 1 1 0.3003978779840849 0.0488806553313997 0.18406593406593408 0.008765044479330195 0.0931739986490425 0.03919847056318314 0.0 0.0
34 5034 5000 1 1 0.3003978779840849 0.045221276735312246 0.18406593406593408 0.008765044479330195 0.09358379980593391 0.03919847056318314 0.0 0.0
35 5035 5000 1 1 0.3003978779840849 0.04263469190409787 0.18406593406593408 0.008765044479330195 0.08975143100540833 0.03919847056318314 0.0 0.0
36 5036 5000 1 1 0.24489795918367346 0.027614798004893627 0.18406593406593408 0.008765044479330195 0.06781235136431847 0.03919847056318314 0.0 0.0
37 5037 5000 1 1 0.24489795918367346 0.02211282518595456 0.18406593406593408 0.008765044479330195 0.061516366299739944 0.03919847056318314 0.0 0.0
38 5038 5000 1 1 0.24489795918367346 0.012244897959183673 0.0 0.0 0.05337427277804905 0.0 0.0 0.0
39 5039 5000 1 1 0.0 0.0 0.0 0.0 0.0 0.0 0.0 0.0
80
