0 0 5000 0 1 0.21987577639751552 0.010993788819875776 0.0 0.0 0.04792081447246581 0.0 0.9974109216257777 0.16666666666666666
1 1 5000 0 1 0.22665808113329042 0.022326692876540297 0.0 0.0 0.06698866265770963 0.0 0.9975339409936756 0.16666666666666666
2 2 5000 0 1 0.22665808113329042 0.03098053903038645 0.0 0.0 0.07432327634023703 0.0 0.9975908939492618 0.2
3 3 5000 0 1 0.27059843885516044 0.044510460973144476 0.0 0.0 0.09035340516029938 0.0 0.9974361785043517 0.2
4 4 5000 0 1 0.7512520868113522 0.08207306531371208 0.0 0.0 0.17784239035459112 0.0 0.9975180781771457 0.2
5 5 5000 0 1 0.7512520868113522 0.09212309794368816 0.0 0.0 0.17859815732406908 0.0 0.9969503328087540 0.2
6 6 5000 0 1 0.7512520868113522 0.09555345137404159 0.0 0.0 0.18076581931197772 0.0 0.9975908939492618 0.2
7 7 5000 0 1 0.7512520868113522 0.1312488156124522 0.0 0.0 0.22374912840859626 0.0 0.9976770583453077 0.2
8 8 5000 0 1 0.7512520868113522 0.14180902166525322 0.0 0.0 0.23280377264076732 0.0 0.9975339409936756 0.2
9 9 5000 0 1 0.7512520868113522 0.15376554340438364 0.0 0.0 0.24244714905678114 0.0 0.9974109216257777 0.16666666666666666
10 10 5000 0 1 0.7512520868113522 0.15523995797506882 0.0 0.0 0.2432415351060253 0.0 0.9974361785043517 0.16666666666666666
11 11 5000 0 1 0.7512520868113522 0.15680110281461784 0.0 0.0 0.24426420997336115 0.0 0.9974361785043517 0.16666666666666666
12 12 5000 0 1 0.7619365609348915 0.1573353265207948 0.0 0.0 0.2455719169488429 0.0 0.9975180781771457 0.16666666666666666
13 13 5000 0 1 0.7619365609348915 0.15761435635552326 0.0 0.0 0.24589346559996972 0.0 0.9975339409936756 0.2
14 14 5000 0 1 0.7619365609348915 0.1577964820222333 0.0 0.0 0.2457779799142019 0.0 0.9976003303954540 0.16666666666666666
15 15 5000 0 1 0.7619365609348915 0.15816030738605866 0.0 0.0 0.24590724110355905 0.0 0.9975908939492618 0.2
16 16 5000 0 1 0.7619365609348915 0.15855012027587154 0.0 0.0 0.24605700259290028 0.0 0.9975908939492618 0.2
17 17 5000 0 1 0.7619365609348915 0.15873645567959824 0.0 0.0 0.2462857678303298 0.0 0.9974109216257777 0.2
18 18 5000 0 1 0.7706176961602671 0.15917051244086705 0.0 0.0 0.2473538059220261 0.0 0.9975180781771457 0.16666666666666666
19 19 5000 0 1 0.7706176961602671 0.16058560678048966 0.0 0.0 0.24651870125721123 0.0 0.9973218711818448 0.2
20 20 5000 0 1 0.8589826142949131 0.18136259755104128 0.0 0.0 0.2841254937049594 0.0 0.9975339409936756 0.16666666666666666
21 21 5000 0 1 0.8589826142949131 0.1986089743626355 0.0 0.0 0.3099739442371075 0.0 0.9974109216257777 0.16666666666666666
22 22 5000 0 1 0.9909849749582638 0.21166640247939733 0.16809116809116809 0.013672487356697882 0.3372282331324887 0.04174432132767883 0.9937684594842007 0.2
23 23 5000 0 1 0.9909849749582638 0.22934440327408642 0.2463092463092463 0.043804937441973425 0.3552271530570454 0.08605065620436814 0.9896800160302654 0.3333333333333333
24 24 5000 0 1 0.9909849749582638 0.2532789147085978 0.2463092463092463 0.043804937441973425 0.3719985063939581 0.08605065620436814 0.9975908939492618 0.16666666666666666
25 25 5000 0 1 0.9909849749582638 0.27002105800368764 0.34890730972117556 0.0791800618094131 0.38880911183761874 0.12065919470098793 0.9928306342942328 0.3333333333333333
26 26 5000 0 1 0.9909849749582638 0.30653416271376066 0.7864077669902912 0.13020782950052948 0.4131863576042007 0.21192856024168125 0.9929036053912015 0.3333333333333333
27 27 5000 0 1 0.9909849749582638 0.3155536772306574 0.7864077669902912 0.13020782950052948 0.4083369547928194 0.21192856024168125 0.9970166195938315 0.2
28 28 5000 0 1 0.9909849749582638 0.3244066044081919 0.7864077669902912 0.13020782950052948 0.4072284340264276 0.21192856024168125 0.9970166195938315 0.2
29 29 5000 0 1 0.9909849749582638 0.3447540580017188 0.7864077669902912 0.13020782950052948 0.41838499785323313 0.21192856024168125 0.9970166195938315 0.16666666666666666
30 30 5000 0 1 0.9909849749582638 0.3821125485677565 0.7864077669902912 0.13020782950052948 0.42180461715501016 0.21192856024168125 0.9973218711818448 0.16666666666666666
31 31 5000 0 1 0.9909849749582638 0.3875177781761864 0.7864077669902912 0.13020782950052948 0.4227494802729917 0.21192856024168125 0.9976003303954540 0.16666666666666666
32 32 5000 0 1 0.9939958592132505 0.39047350801984704 0.7864077669902912 0.13267639636538114 0.4268296774371716 0.2133017082855392 0.9929626874556537 0.4
33 33 5000 0 1 0.9939958592132505 0.3983373322530426 0.7864077669902912 0.13267639636538114 0.42470997866424914 0.2133017082855392 0.9969503328087540 0.16666666666666666
34 34 5000 0 1 0.9939958592132505 0.40404096036520726 0.7864077669902912 0.1335826354730842 0.42240613424740714 0.21397584927821314 0.9933939419464398 0.4
35 35 5000 0 1 0.9939958592132505 0.410460268722556 0.7864077669902912 0.1335826354730842 0.4171601108670616 0.21397584927821314 0.9973732291880999 0.16666666666666666
36 36 5000 0 1 0.9939958592132505 0.4156259747744292 0.7864077669902912 0.1335826354730842 0.4142648188933266 0.21397584927821314 0.9973732291880999 0.16666666666666666
37 37 5000 0 1 0.9939958592132505 0.42129243669089106 0.7864077669902912 0.1335826354730842 0.40928614645499656 0.21397584927821314 0.9967344201463822 0.16666666666666666
38 38 5000 0 1 0.9939958592132505 0.42378015167860605 0.7864077669902912 0.1335826354730842 0.407554273861611 0.21397584927821314 0.9967344201463822 0.2
39 39 5000 0 1 0.9939958592132505 0.4332324484983941 0.7864077669902912 0.1335826354730842 0.39973324476590777 0.21397584927821314 0.9969192390405926 0.2
0 5000 5000 1 1 0.9909849749582638 0.4222386596785183 0.7864077669902912 0.1335826354730842 0.3869796408083516 0.21397584927821314 0.0 0.0
1 5001 5000 1 1 0.9909849749582638 0.4109057556218538 0.7864077669902912 0.1335826354730842 0.37335617890603445 0.21397584927821314 0.0 0.0
2 5002 5000 1 1 0.9909849749582638 0.4022519094680076 0.7864077669902912 0.1335826354730842 0.36172124713375425 0.21397584927821314 0.0 0.0
3 5003 5000 1 1 0.9909849749582638 0.3887219875252496 0.7864077669902912 0.1335826354730842 0.3474241453855955 0.21397584927821314 0.0 0.0
4 5004 5000 1 1 0.8141891891891891 0.35115938318468204 0.7864077669902912 0.1335826354730842 0.3197912441533646 0.21397584927821314 0.0 0.0
5 5005 5000 1 1 0.8141891891891891 0.3411093505547059 0.7864077669902912 0.1335826354730842 0.3225560919856851 0.21397584927821314 0.0 0.0
6 5006 5000 1 1 0.7754716981132076 0.3376789971243525 0.7864077669902912 0.1335826354730842 0.3178369858134539 0.21397584927821314 0.0 0.0
7 5007 5000 1 1 0.7754716981132076 0.3019836328859419 0.7864077669902912 0.1335826354730842 0.31364017529111726 0.21397584927821314 0.0 0.0
8 5008 5000 1 1 0.7754716981132076 0.2914234268331409 0.7864077669902912 0.1335826354730842 0.30134738699326613 0.21397584927821314 0.0 0.0
9 5009 5000 1 1 0.7754716981132076 0.27946690509401045 0.7864077669902912 0.1335826354730842 0.2863279786472395 0.21397584927821314 0.0 0.0
10 5010 5000 1 1 0.7754716981132076 0.27799249052332525 0.7864077669902912 0.1335826354730842 0.284564589311787 0.21397584927821314 0.0 0.0
11 5011 5000 1 1 0.7754716981132076 0.27643134568377625 0.7864077669902912 0.1335826354730842 0.28284469526985806 0.21397584927821314 0.0 0.0
12 5012 5000 1 1 0.7754716981132076 0.2758971219775993 0.7864077669902912 0.1335826354730842 0.2829235842390806 0.21397584927821314 0.0 0.0
13 5013 5000 1 1 0.7754716981132076 0.27561809214287075 0.7864077669902912 0.1335826354730842 0.2826566841204137 0.21397584927821314 0.0 0.0
14 5014 5000 1 1 0.7754716981132076 0.27543596647616075 0.7864077669902912 0.1335826354730842 0.28250500848785715 0.21397584927821314 0.0 0.0
15 5015 5000 1 1 0.7754716981132076 0.2750721411123354 0.7864077669902912 0.1335826354730842 0.28190333917603516 0.21397584927821314 0.0 0.0
16 5016 5000 1 1 0.7754716981132076 0.2746823282225225 0.7864077669902912 0.1335826354730842 0.28126718793592603 0.21397584927821314 0.0 0.0
17 5017 5000 1 1 0.7754716981132076 0.2744959928187958 0.7864077669902912 0.1335826354730842 0.2810958586800855 0.21397584927821314 0.0 0.0
18 5018 5000 1 1 0.7754716981132076 0.27406193605752704 0.7864077669902912 0.1335826354730842 0.28117239395961613 0.21397584927821314 0.0 0.0
19 5019 5000 1 1 0.7643979057591623 0.2726468417179044 0.7864077669902912 0.1335826354730842 0.2787057197844334 0.21397584927821314 0.0 0.0
20 5020 5000 1 1 0.7643979057591623 0.2518698509473528 0.7864077669902912 0.1335826354730842 0.2731763527310743 0.21397584927821314 0.0 0.0
21 5021 5000 1 1 0.7643979057591623 0.23462347413575854 0.7864077669902912 0.1335826354730842 0.2657811044028308 0.21397584927821314 0.0 0.0
22 5022 5000 1 1 0.7643979057591623 0.2215660460189967 0.7864077669902912 0.1199101481163863 0.27153201244980407 0.21357025010946637 0.0 0.0
23 5023 5000 1 1 0.7643979057591623 0.20388804522430765 0.7864077669902912 0.08977769803111076 0.27039521508422526 0.19562535437029493 0.0 0.0
24 5024 5000 1 1 0.7643979057591623 0.17995353378979623 0.7864077669902912 0.08977769803111076 0.24246459681706342 0.19562535437029493 0.0 0.0
25 5025 5000 1 1 0.7643979057591623 0.1632113904947064 0.7864077669902912 0.054402573663671086 0.24091584815263195 0.177279883336944 0.0 0.0
26 5026 5000 1 1 0.7643979057591623 0.12669828578463335 0.024369747899159664 0.0033748059725547267 0.22189458906919018 0.007886373825136413 0.0 0.0
27 5027 5000 1 1 0.7471698113207547 0.11767877126773663 0.024369747899159664 0.0033748059725547267 0.19819033250619192 0.007886373825136413 0.0 0.0
28 5028 5000 1 1 0.7471698113207547 0.10882584409020213 0.024369747899159664 0.0033748059725547267 0.1803102031926351 0.007886373825136413 0.0 0.0
29 5029 5000 1 1 0.7471698113207547 0.08847839049667523 0.024369747899159664 0.0033748059725547267 0.16806555500047476 0.007886373825136413 0.0 0.0
30 5030 5000 1 1 0.23170028818443805 0.0511198999306375 0.024369747899159664 0.0033748059725547267 0.07448540693402132 0.007886373825136413 0.0 0.0
31 5031 5000 1 1 0.23170028818443805 0.04571467032220769 0.024369747899159664 0.0033748059725547267 0.07407535885826055 0.007886373825136413 0.0 0.0
32 5032 5000 1 1 0.23170028818443805 0.042758940478547044 0.017218543046357615 9.062391077030323E-4 0.07518833439762279 0.003844846910599561 0.0 0.0
33 5033 5000 1 1 0.23170028818443805 0.03489511624535149 0.017218543046357615 9.062391077030323E-4 0.07090238960111439 0.003844846910599561 0.0 0.0
34 5034 5000 1 1 0.23170028818443805 0.029191488133186793 0.0 0.0 0.07034798164046584 0.0 0.0 0.0
35 5035 5000 1 1 0.18904593639575973 0.022772179775838088 0.0 0.0 0.055962921042631605 0.0 0.0 0.0
36 5036 5000 1 1 0.18904593639575973 0.017606473723964892 0.0 0.0 0.05297869766318399 0.0 0.0 0.0
37 5037 5000 1 1 0.18904593639575973 0.011940011807502975 0.0 0.0 0.042049125301559 0.0 0.0 0.0
38 5038 5000 1 1 0.18904593639575973 0.009452296819787986 0.0 0.0 0.04120160662180674 0.0 0.0 0.0
39 5039 5000 1 1 0.0 0.0 0.0 0.0 0.0 0.0 0.0 0.0
74
