0 0 5000 0 1 0.46305882352941174 0.023152941176470588 0.0 0.0 0.10092133083397699 0.0 0.9972012021009197 0.2
1 1 5000 0 1 0.46305882352941174 0.030604761304950247 0.0 0.0 0.10437966637441151 0.0 0.9976395273144188 0.16666666666666666
2 2 5000 0 1 0.46305882352941174 0.03390780219974228 0.0 0.0 0.1044041603577317 0.0 0.9970490537192757 0.2
3 3 5000 0 1 0.46305882352941174 0.03968913413471868 0.0 0.0 0.10556143405857876 0.0 0.9975342313715634 0.2
4 4 5000 0 1 0.9854117647058823 0.06580678119354219 0.0 0.0 0.21498501081803015 0.0 0.9972012021009197 0.2
5 5 5000 0 1 0.9854117647058823 0.0878145032012642 0.0 0.0 0.22918223516315978 0.0 0.9965845889880841 0.2
6 6 5000 0 1 0.9854117647058823 0.09865306566561104 0.0 0.0 0.22989768430220062 0.0 0.9975297454940720 0.2
7 7 5000 0 1 0.9854117647058823 0.10877280865626524 0.0 0.0 0.22978692885737229 0.0 0.9976126182994024 0.16666666666666666
8 8 5000 0 1 0.9854117647058823 0.11207584955105729 0.0 0.0 0.2296239649366861 0.0 0.9970490537192757 0.2
9 9 5000 0 1 0.9854117647058823 0.15671953841924546 0.0 0.0 0.28388083189727004 0.0 0.9962049849525681 0.16666666666666666
10 10 5000 0 1 0.9854117647058823 0.1568375247852654 0.0 0.0 0.28386421826243013 0.0 0.9975342313715634 0.16666666666666666
11 11 5000 0 1 0.9854117647058823 0.15700794953618308 0.0 0.0 0.2838418641760733 0.0 0.9975342313715634 0.16666666666666666
12 12 5000 0 1 0.9854117647058823 0.15740726499539587 0.0 0.0 0.28393126330469476 0.0 0.9975297454940720 0.16666666666666666
13 13 5000 0 1 0.9854117647058823 0.15772852667763884 0.0 0.0 0.28398561378154946 0.0 0.9976126182994024 0.16666666666666666
14 14 5000 0 1 0.9854117647058823 0.15828740891316778 0.0 0.0 0.2836854950987121 0.0 0.9968254483501498 0.2
15 15 5000 0 1 0.9854117647058823 0.1586728478853305 0.0 0.0 0.28367790085495254 0.0 0.9976395273144188 0.16666666666666666
16 16 5000 0 1 0.9854117647058823 0.1589726337525682 0.0 0.0 0.2836788734101631 0.0 0.9976395273144188 0.16666666666666666
17 17 5000 0 1 0.9854117647058823 0.15911683931103698 0.0 0.0 0.28366046689920954 0.0 0.9975342313715634 0.2
18 18 5000 0 1 0.9854117647058823 0.1594210796609134 0.0 0.0 0.28373396038159376 0.0 0.9975297454940720 0.16666666666666666
19 19 5000 0 1 0.9854117647058823 0.15951719989859253 0.0 0.0 0.2837250213827802 0.0 0.9970490537192757 0.2
20 20 5000 0 1 0.9854117647058823 0.20667079818001036 0.0 0.0 0.32817989368559836 0.0 0.9973378441514795 0.16666666666666666
21 21 5000 0 1 0.9854117647058823 0.21928762060991688 0.0 0.0 0.3328374635307164 0.0 0.9976126182994024 0.2
22 22 5000 0 1 0.9854117647058823 0.2332596764981405 0.0 0.0 0.32965812180252035 0.0 0.9968254483501498 0.2
23 23 5000 0 1 0.9854117647058823 0.23564174095400223 0.0 0.0 0.32813260809006317 0.0 0.9978115501681522 0.2
24 24 5000 0 1 0.9854117647058823 0.2589766830389443 0.0 0.0 0.357157477025172 0.0 0.9965845889880841 0.16666666666666666
25 25 5000 0 1 0.9854117647058823 0.2775353443814048 0.0 0.0 0.364775612064281 0.0 0.9975297454940720 0.16666666666666666
26 26 5000 0 1 0.9854117647058823 0.28171730557700003 0.0 0.0 0.36347174572921354 0.0 0.9975342313715634 0.2
27 27 5000 0 1 0.9854117647058823 0.3082488051067084 0.8333333333333334 0.032051282051282055 0.3856488898483671 0.1602564102564102 0.9942796053886017 0.16666666666666666
28 28 5000 0 1 0.9854117647058823 0.3166914748157786 0.8333333333333334 0.032051282051282055 0.3937508259262812 0.1602564102564102 0.9975297454940720 0.2
29 29 5000 0 1 0.9854117647058823 0.3247131455602735 0.8333333333333334 0.032051282051282055 0.39157634579564116 0.1602564102564102 0.9970490537192757 0.16666666666666666
30 30 5000 0 1 0.9854117647058823 0.3274555222867698 0.8333333333333334 0.032051282051282055 0.38981438626275083 0.1602564102564102 0.9978115501681522 0.16666666666666666
31 31 5000 0 1 0.9854117647058823 0.32856170315046584 0.8333333333333334 0.032051282051282055 0.388913942612547 0.1602564102564102 0.9970318264495292 0.2
32 32 5000 0 1 0.9854117647058823 0.33491647303769534 0.8333333333333334 0.032051282051282055 0.38450678229382884 0.1602564102564102 0.9965157763797071 0.2
33 33 5000 0 1 0.9854117647058823 0.3368829124713608 0.8333333333333334 0.032051282051282055 0.3839524288077292 0.1602564102564102 0.9975342313715634 0.2
34 34 5000 0 1 0.9854117647058823 0.34543967231163464 0.8333333333333334 0.032051282051282055 0.3952690747410351 0.1602564102564102 0.9975297454940720 0.16666666666666666
35 35 5000 0 1 0.9854117647058823 0.3480457594311896 0.8333333333333334 0.032051282051282055 0.39329569530430314 0.1602564102564102 0.9970318264495292 0.16666666666666666
36 36 5000 0 1 0.9854117647058823 0.3491860949782012 0.8333333333333334 0.032051282051282055 0.3931717680613035 0.1602564102564102 0.9970490537192757 0.2
37 37 5000 0 1 0.9854117647058823 0.3501422852163113 0.8333333333333334 0.032051282051282055 0.39252467387640555 0.1602564102564102 0.9970318264495292 0.2
38 38 5000 0 1 0.9854117647058823 0.3537730087395549 0.8333333333333334 0.032051282051282055 0.3925397852759775 0.1602564102564102 0.9970490537192757 0.16666666666666666
39 39 5000 0 1 0.993915193002472 0.3604587532464621 0.8333333333333334 0.03497368715709327 0.39584625606680346 0.16033806365833328 0.9943050649394503 0.3333333333333333
0 5000 5000 1 1 0.993915193002472 0.3373058120699915 0.8333333333333334 0.03497368715709327 0.3714032482823086 0.16033806365833328 0.0 0.0
1 5001 5000 1 1 0.993915193002472 0.3298539919415119 0.8333333333333334 0.03497368715709327 0.3746193980825953 0.16033806365833328 0.0 0.0
2 5002 5000 1 1 0.993915193002472 0.32655095104671983 0.8333333333333334 0.03497368715709327 0.37436656513160876 0.16033806365833328 0.0 0.0
3 5003 5000 1 1 0.993915193002472 0.3207696191117434 0.8333333333333334 0.03497368715709327 0.3751752545156736 0.16033806365833328 0.0 0.0
4 5004 5000 1 1 0.993915193002472 0.2946519720529199 0.8333333333333334 0.03497368715709327 0.37840085326744877 0.16033806365833328 0.0 0.0
5 5005 5000 1 1 0.993915193002472 0.2726442500451979 0.8333333333333334 0.03497368715709327 0.35417982721669533 0.16033806365833328 0.0 0.0
6 5006 5000 1 1 0.9430719656283566 0.26180568758085104 0.8333333333333334 0.03497368715709327 0.3347241908779587 0.16033806365833328 0.0 0.0
7 5007 5000 1 1 0.9430719656283566 0.25168594459019683 0.8333333333333334 0.03497368715709327 0.31767781294635583 0.16033806365833328 0.0 0.0
8 5008 5000 1 1 0.9430719656283566 0.24838290369540478 0.8333333333333334 0.03497368715709327 0.31725359439890466 0.16033806365833328 0.0 0.0
9 5009 5000 1 1 0.9430719656283566 0.20373921482721663 0.8333333333333334 0.03497368715709327 0.2845576624053251 0.16033806365833328 0.0 0.0
10 5010 5000 1 1 0.9430719656283566 0.20362122846119673 0.8333333333333334 0.03497368715709327 0.28455411142659576 0.16033806365833328 0.0 0.0
11 5011 5000 1 1 0.9430719656283566 0.20345080371027904 0.8333333333333334 0.03497368715709327 0.28455062316215435 0.16033806365833328 0.0 0.0
12 5012 5000 1 1 0.9430719656283566 0.20305148825106625 0.8333333333333334 0.03497368715709327 0.2837497447867696 0.16033806365833328 0.0 0.0
13 5013 5000 1 1 0.9430719656283566 0.20273022656882325 0.8333333333333334 0.03497368715709327 0.2831843039083596 0.16033806365833328 0.0 0.0
14 5014 5000 1 1 0.9430719656283566 0.20217134433329434 0.8333333333333334 0.03497368715709327 0.2830212817703352 0.16033806365833328 0.0 0.0
15 5015 5000 1 1 0.9430719656283566 0.20178590536113158 0.8333333333333334 0.03497368715709327 0.28316799943434406 0.16033806365833328 0.0 0.0
16 5016 5000 1 1 0.9430719656283566 0.2014861194938939 0.8333333333333334 0.03497368715709327 0.28328894943688815 0.16033806365833328 0.0 0.0
17 5017 5000 1 1 0.9430719656283566 0.2013419139354251 0.8333333333333334 0.03497368715709327 0.28328650606644945 0.16033806365833328 0.0 0.0
18 5018 5000 1 1 0.9430719656283566 0.20103767358554867 0.8333333333333334 0.03497368715709327 0.28267914371944214 0.16033806365833328 0.0 0.0
19 5019 5000 1 1 0.9430719656283566 0.20094155334786956 0.8333333333333334 0.03497368715709327 0.2826601603367121 0.16033806365833328 0.0 0.0
20 5020 5000 1 1 0.7630728275337517 0.1537879550664517 0.8333333333333334 0.03497368715709327 0.22837316471556568 0.16033806365833328 0.0 0.0
21 5021 5000 1 1 0.7630728275337517 0.14117113263654518 0.8333333333333334 0.03497368715709327 0.20354669200706899 0.16033806365833328 0.0 0.0
22 5022 5000 1 1 0.7630728275337517 0.12719907674832162 0.8333333333333334 0.03497368715709327 0.2031663664990034 0.16033806365833328 0.0 0.0
23 5023 5000 1 1 0.7630728275337517 0.12481701229245987 0.8333333333333334 0.03497368715709327 0.2037206560415226 0.16033806365833328 0.0 0.0
24 5024 5000 1 1 0.7630728275337517 0.1014820702075178 0.8333333333333334 0.03497368715709327 0.18945287340087727 0.16033806365833328 0.0 0.0
25 5025 5000 1 1 0.4462616822429907 0.08292340886505725 0.8333333333333334 0.03497368715709327 0.13371599724964972 0.16033806365833328 0.0 0.0
26 5026 5000 1 1 0.4462616822429907 0.07874144766946209 0.8333333333333334 0.03497368715709327 0.13112255276973667 0.16033806365833328 0.0 0.0
27 5027 5000 1 1 0.39189960068454077 0.05220994813975366 0.07598253275109171 0.0029224051058112195 0.10175502796697605 0.014612025529056086 0.0 0.0
28 5028 5000 1 1 0.25585459629500173 0.04376727843068349 0.07598253275109171 0.0029224051058112195 0.07728263324333456 0.014612025529056086 0.0 0.0
29 5029 5000 1 1 0.22304620650313747 0.03574560768618856 0.07598253275109171 0.0029224051058112195 0.061584194109943445 0.014612025529056086 0.0 0.0
30 5030 5000 1 1 0.22304620650313747 0.033003230959692265 0.07598253275109171 0.0029224051058112195 0.061892936406723636 0.014612025529056086 0.0 0.0
31 5031 5000 1 1 0.22304620650313747 0.031897050095996235 0.07598253275109171 0.0029224051058112195 0.06099535541470197 0.014612025529056086 0.0 0.0
32 5032 5000 1 1 0.22304620650313747 0.025542280208766737 0.07598253275109171 0.0029224051058112195 0.0572519440921998 0.014612025529056086 0.0 0.0
33 5033 5000 1 1 0.22304620650313747 0.023575840775101296 0.07598253275109171 0.0029224051058112195 0.054546406653152475 0.014612025529056086 0.0 0.0
34 5034 5000 1 1 0.09542118140510311 0.01501908093482748 0.07598253275109171 0.0029224051058112195 0.03086770301652891 0.014612025529056086 0.0 0.0
35 5035 5000 1 1 0.09542118140510311 0.012412993815272454 0.07598253275109171 0.0029224051058112195 0.028085495583236558 0.014612025529056086 0.0 0.0
36 5036 5000 1 1 0.08180388044048244 0.011272658268260918 0.07598253275109171 0.0029224051058112195 0.024983747240724573 0.014612025529056086 0.0 0.0
37 5037 5000 1 1 0.08180388044048244 0.0103164680301508 0.07598253275109171 0.0029224051058112195 0.02503087978028616 0.014612025529056086 0.0 0.0
38 5038 5000 1 1 0.08180388044048244 0.006685744506907179 0.07598253275109171 0.0029224051058112195 0.020606605968376535 0.014612025529056086 0.0 0.0
39 5039 5000 1 1 0.0 0.0 0.0 0.0 0.0 0.0 0.0 0.0
68
