0 0 5000 0 1 0.35735037768739103 0.017867518884369552 0.0 0.0 0.07788270918877147 0.0 0.9973500076182064 0.16666666666666666
1 1 5000 0 1 0.35735037768739103 0.023354244548086368 0.0 0.0 0.08025974740448666 0.0 0.9975810267212358 0.16666666666666666
2 2 5000 0 1 0.35735037768739103 0.036964095487814166 0.0 0.0 0.0965674080041697 0.0 0.9975886849887858 0.16666666666666666
3 3 5000 0 1 0.529796511627907 0.06345392106920952 0.0 0.0 0.14387294996445124 0.0 0.9976504429382546 0.16666666666666666
4 4 5000 0 1 0.6377187297472456 0.081730006616844 0.0 0.0 0.18621420437343505 0.0 0.9975886849887858 0.16666666666666666
5 5 5000 0 1 0.6377187297472456 0.09511673430563117 0.0 0.0 0.1894529501256911 0.0 0.9970919108071949 0.16666666666666666
6 6 5000 0 1 0.6377187297472456 0.10099908724680765 0.0 0.0 0.18823081403983438 0.0 0.9974492579878696 0.16666666666666666
7 7 5000 0 1 0.8698431144683324 0.1266237240858547 0.0 0.0 0.24707180139617047 0.0 0.9973500076182064 0.2
8 8 5000 0 1 0.9918651946542708 0.1342802396311205 0.047058823529411764 0.004424004558843594 0.2691422524593391 0.013636983524456667 0.9932443868134846 0.2
9 9 5000 0 1 0.9918651946542708 0.14016562940912775 0.047058823529411764 0.004424004558843594 0.2674230494991078 0.013636983524456667 0.9974753111210019 0.2
10 10 5000 0 1 0.9947704822777454 0.14086176870929049 0.061764705882352944 0.0058065059834822175 0.26898139312642716 0.017898540875849387 0.9932443868134847 0.2
11 11 5000 0 1 0.9947704822777454 0.14143366413412709 0.061764705882352944 0.0058065059834822175 0.2689435838584933 0.017898540875849387 0.9974492579878696 0.16666666666666666
12 12 5000 0 1 0.9947704822777454 0.14165578763479345 0.061764705882352944 0.0058065059834822175 0.26882849040905754 0.017898540875849387 0.9970027129327957 0.2
13 13 5000 0 1 0.9947704822777454 0.14262791984477402 0.061764705882352944 0.0058065059834822175 0.27080083847712805 0.017898540875849387 0.9975886849887858 0.16666666666666666
14 14 5000 0 1 0.9947704822777454 0.14319580833212558 0.061764705882352944 0.0058065059834822175 0.27075988969175924 0.017898540875849387 0.9974753111210019 0.16666666666666666
15 15 5000 0 1 0.9947704822777454 0.14360878768315805 0.061764705882352944 0.0058065059834822175 0.27071483281305714 0.017898540875849387 0.9975810267212358 0.2
16 16 5000 0 1 0.9947704822777454 0.1440086099843575 0.061764705882352944 0.0058065059834822175 0.2705148321438573 0.017898540875849387 0.9970027129327957 0.16666666666666666
17 17 5000 0 1 0.9947704822777454 0.14443358546654123 0.061764705882352944 0.0058065059834822175 0.2707154721734809 0.017898540875849387 0.9970919108071949 0.16666666666666666
18 18 5000 0 1 0.9947704822777454 0.1451105316869248 0.061764705882352944 0.0058065059834822175 0.2703701651478491 0.017898540875849387 0.9964817923199217 0.16666666666666666
19 19 5000 0 1 0.9965136548518303 0.14594299167661415 0.07058823529411765 0.006636006838265392 0.2721851614717129 0.020455475286684996 0.9932443868134847 0.2
20 20 5000 0 1 0.9965136548518303 0.1560192443999257 0.07058823529411765 0.006636006838265392 0.2750892895182554 0.020455475286684996 0.9974492579878696 0.2
21 21 5000 0 1 0.9965136548518303 0.16781118339774706 0.07058823529411765 0.006636006838265392 0.28711250666236443 0.020455475286684996 0.9974492579878696 0.2
22 22 5000 0 1 0.9965136548518303 0.1807469132452416 0.07058823529411765 0.006636006838265392 0.3097196435244779 0.020455475286684996 0.9974492579878696 0.2
23 23 5000 0 1 0.9984512132163139 0.22892361636642589 0.4568245125348189 0.028389555054209155 0.3581143999645204 0.09794922296494701 0.9937102951625074 0.16666666666666666
24 24 5000 0 1 0.9984512132163139 0.24618379078503053 0.4568245125348189 0.028389555054209155 0.37985855204311036 0.09794922296494701 0.9976504429382546 0.2
25 25 5000 0 1 0.9984512132163139 0.2627097792346085 0.4568245125348189 0.028389555054209155 0.3765047767961344 0.09794922296494701 0.9970027129327957 0.16666666666666666
26 26 5000 0 1 0.9984512132163139 0.27555913893973083 0.4568245125348189 0.03699761366226776 0.3978769498901628 0.10289444023806951 0.9939127601398895 0.4
27 27 5000 0 1 0.9984512132163139 0.3152374534828259 0.6098654708520179 0.0660388265599829 0.41862834865724385 0.15907921175680784 0.9928113005703345 0.16666666666666666
28 28 5000 0 1 0.9984512132163139 0.3227452278053492 0.6098654708520179 0.0660388265599829 0.420400892756607 0.15907921175680784 0.9970027129327957 0.2
29 29 5000 0 1 0.9984512132163139 0.3823948017013292 0.7180232558139535 0.11562557347109362 0.4274173940756492 0.21406922545193977 0.9933081590872446 0.3333333333333333
30 30 5000 0 1 0.9984512132163139 0.3871735627632761 0.7180232558139535 0.11562557347109362 0.428298995019085 0.21406922545193977 0.9975810267212358 0.2
31 31 5000 0 1 0.9984512132163139 0.3965743892095571 0.7180232558139535 0.11562557347109362 0.42650390807083544 0.21406922545193977 0.9968343459379687 0.2
32 32 5000 0 1 0.9984512132163139 0.40463747228374636 0.7180232558139535 0.11562557347109362 0.4297646484217504 0.21406922545193977 0.9970027129327957 0.16666666666666666
33 33 5000 0 1 0.9984512132163139 0.40846025709387296 0.7180232558139535 0.11562557347109362 0.42647582470539674 0.21406922545193977 0.9962845391612399 0.16666666666666666
34 34 5000 0 1 0.9984512132163139 0.4170897550947615 0.7180232558139535 0.11562557347109362 0.43305978972660336 0.21406922545193977 0.9970027129327957 0.16666666666666666
35 35 5000 0 1 0.9984512132163139 0.4262932949177703 0.7180232558139535 0.11562557347109362 0.43690740161145836 0.21406922545193977 0.9975810267212358 0.16666666666666666
36 36 5000 0 1 0.9984512132163139 0.4459884883527058 0.7180232558139535 0.11562557347109362 0.42598865245495005 0.21406922545193977 0.9969041244664783 0.2
37 37 5000 0 1 0.9984512132163139 0.4486087415172628 0.7180232558139535 0.11562557347109362 0.42386347081411385 0.21406922545193977 0.9962845391612399 0.16666666666666666
38 38 5000 0 1 0.9984512132163139 0.4497606402514401 0.7180232558139535 0.11562557347109362 0.42302342469687415 0.21406922545193977 0.9962845391612399 0.2
39 39 5000 0 1 0.9984512132163139 0.45853501285200365 0.7488789237668162 0.12224526170513164 0.42579162874833437 0.23074979263019926 0.9928113005703345 0.4
0 5000 5000 1 1 0.9984512132163139 0.4406674939676341 0.7488789237668162 0.12224526170513164 0.4100482171795207 0.23074979263019926 0.0 0.0
1 5001 5000 1 1 0.9984512132163139 0.4351807683039173 0.7488789237668162 0.12224526170513164 0.4073257932976672 0.23074979263019926 0.0 0.0
2 5002 5000 1 1 0.9984512132163139 0.4215709173641895 0.7488789237668162 0.12224526170513164 0.40229218409226086 0.23074979263019926 0.0 0.0
3 5003 5000 1 1 0.9984512132163139 0.39508109178279405 0.7488789237668162 0.12224526170513164 0.38041957094225853 0.23074979263019926 0.0 0.0
4 5004 5000 1 1 0.9984512132163139 0.37680500623515956 0.7488789237668162 0.12224526170513164 0.3864589174611574 0.23074979263019926 0.0 0.0
5 5005 5000 1 1 0.9984512132163139 0.3634182785463723 0.7488789237668162 0.12224526170513164 0.36928021433613634 0.23074979263019926 0.0 0.0
6 5006 5000 1 1 0.9984512132163139 0.35753592560519587 0.7488789237668162 0.12224526170513164 0.3605516335263507 0.23074979263019926 0.0 0.0
7 5007 5000 1 1 0.9984512132163139 0.3319112887661487 0.7488789237668162 0.12224526170513164 0.3578269155230659 0.23074979263019926 0.0 0.0
8 5008 5000 1 1 0.9984512132163139 0.324254773220883 0.7488789237668162 0.11782125714628806 0.3634189648560845 0.23215607659662582 0.0 0.0
9 5009 5000 1 1 0.8950563746747615 0.31836938344287574 0.7488789237668162 0.11782125714628806 0.35326427046670655 0.23215607659662582 0.0 0.0
10 5010 5000 1 1 0.8950563746747615 0.317673244142713 0.7488789237668162 0.11643875572164943 0.3538270448605333 0.23275770643207036 0.0 0.0
11 5011 5000 1 1 0.8950563746747615 0.3171013487178764 0.7488789237668162 0.11643875572164943 0.35298551099239306 0.23275770643207036 0.0 0.0
12 5012 5000 1 1 0.8950563746747615 0.31687922521721 0.7488789237668162 0.11643875572164943 0.35266585127887307 0.23275770643207036 0.0 0.0
13 5013 5000 1 1 0.8950563746747615 0.31590709300722947 0.7488789237668162 0.11643875572164943 0.35346919602872523 0.23275770643207036 0.0 0.0
14 5014 5000 1 1 0.8950563746747615 0.31533920451987785 0.7488789237668162 0.11643875572164943 0.3525692441188374 0.23275770643207036 0.0 0.0
15 5015 5000 1 1 0.8950563746747615 0.31492622516884544 0.7488789237668162 0.11643875572164943 0.3522568513383093 0.23275770643207036 0.0 0.0
16 5016 5000 1 1 0.8950563746747615 0.314526402867646 0.7488789237668162 0.11643875572164943 0.3516845594206687 0.23275770643207036 0.0 0.0
17 5017 5000 1 1 0.8950563746747615 0.31410142738546226 0.7488789237668162 0.11643875572164943 0.3511977364648843 0.23275770643207036 0.0 0.0
18 5018 5000 1 1 0.8950563746747615 0.31342448116507865 0.7488789237668162 0.11643875572164943 0.35178897973975615 0.23275770643207036 0.0 0.0
19 5019 5000 1 1 0.8950563746747615 0.3125920211753893 0.7488789237668162 0.11560925486686624 0.352512919681701 0.23315533007289874 0.0 0.0
20 5020 5000 1 1 0.8950563746747615 0.3025157684520778 0.7488789237668162 0.11560925486686624 0.3401957258011598 0.23315533007289874 0.0 0.0
21 5021 5000 1 1 0.8950563746747615 0.29072382945425645 0.7488789237668162 0.11560925486686624 0.3326373699578393 0.23315533007289874 0.0 0.0
22 5022 5000 1 1 0.8950563746747615 0.27778809960676193 0.7488789237668162 0.11560925486686624 0.3333862076497272 0.23315533007289874 0.0 0.0
23 5023 5000 1 1 0.8950563746747615 0.22961139648557766 0.7488789237668162 0.0938557066509225 0.30254475090841526 0.22131529549870518 0.0 0.0
24 5024 5000 1 1 0.8950563746747615 0.21235122206697304 0.7488789237668162 0.0938557066509225 0.2983518048800438 0.22131529549870518 0.0 0.0
25 5025 5000 1 1 0.8950563746747615 0.19582523361739507 0.7488789237668162 0.0938557066509225 0.27257982542998316 0.22131529549870518 0.0 0.0
26 5026 5000 1 1 0.8950563746747615 0.1829758739122727 0.7488789237668162 0.08524764804286387 0.27840792482311 0.2212828960014488 0.0 0.0
27 5027 5000 1 1 0.8950563746747615 0.1432975593691776 0.7180232558139535 0.05620643514514874 0.24921089216442016 0.16519275609551748 0.0 0.0
28 5028 5000 1 1 0.8950563746747615 0.1357897850466543 0.7180232558139535 0.05620643514514874 0.24095869937209066 0.16519275609551748 0.0 0.0
29 5029 5000 1 1 0.3939038686987104 0.07614021115067433 0.13901345291479822 0.006619688234038011 0.13370276839671483 0.029604145762329052 0.0 0.0
30 5030 5000 1 1 0.3939038686987104 0.07136145008872744 0.13901345291479822 0.006619688234038011 0.12792698549162493 0.029604145762329052 0.0 0.0
31 5031 5000 1 1 0.3939038686987104 0.061960623642446436 0.13901345291479822 0.006619688234038011 0.11543883734824595 0.029604145762329052 0.0 0.0
32 5032 5000 1 1 0.3939038686987104 0.053897540568257185 0.13901345291479822 0.006619688234038011 0.10088021920651562 0.029604145762329052 0.0 0.0
33 5033 5000 1 1 0.3939038686987104 0.050074755758130605 0.13901345291479822 0.006619688234038011 0.09851499210239834 0.029604145762329052 0.0 0.0
34 5034 5000 1 1 0.3939038686987104 0.041445257757242115 0.13901345291479822 0.006619688234038011 0.09489789632895466 0.029604145762329052 0.0 0.0
35 5035 5000 1 1 0.3939038686987104 0.03224171793423327 0.13901345291479822 0.006619688234038011 0.08938505936341046 0.029604145762329052 0.0 0.0
36 5036 5000 1 1 0.13429752066115702 0.01254652449929775 0.13901345291479822 0.006619688234038011 0.03337347819675153 0.029604145762329052 0.0 0.0
37 5037 5000 1 1 0.13429752066115702 0.009926271334740788 0.13901345291479822 0.006619688234038011 0.030242821896825967 0.029604145762329052 0.0 0.0
38 5038 5000 1 1 0.13429752066115702 0.008774372600563572 0.13901345291479822 0.006619688234038011 0.030160107932242733 0.029604145762329052 0.0 0.0
39 5039 5000 1 1 0.0 0.0 0.0 0.0 0.0 0.0 0.0 0.0
67
