0 0 5000 0 1 0.10670978172999192 0.005335489086499596 0.0 0.0 0.02325685774241588 0.0 0.9969799889151643 0.2
1 1 5000 0 1 0.10670978172999192 0.008816272262714244 0.0 0.0 0.027091313176536867 0.0 0.9974059641836716 0.16666666666666666
2 2 5000 0 1 0.19711718457506552 0.01867213149146752 0.0 0.0 0.04904871695105667 0.0 0.9967969759680752 0.2
3 3 5000 0 1 0.19711718457506552 0.02817654425453609 0.0 0.0 0.061377395857655226 0.0 0.9972491788958678 0.16666666666666666
4 4 5000 0 1 0.3258655804480652 0.03496541051387078 0.0 0.0 0.0827119339794068 0.0 0.9972491788958678 0.16666666666666666
5 5 5000 0 1 0.3407338163122225 0.05200210132948191 0.0 0.0 0.1056626806931857 0.0 0.9970803354653698 0.2
6 6 5000 0 1 0.3407338163122225 0.06519591388635179 0.0 0.0 0.11445456409506599 0.0 0.9972894628384603 0.16666666666666666
7 7 5000 0 1 0.3407338163122225 0.07622806879841432 0.0 0.0 0.118210848897245 0.0 0.9966101899397743 0.2
8 8 5000 0 1 0.3407338163122225 0.07949130302611554 0.0 0.0 0.11888218704853715 0.0 0.9974059641836716 0.2
9 9 5000 0 1 0.7164667393675027 0.11531463999449068 0.0 0.0 0.1811645795628085 0.0 0.9966375351848164 0.16666666666666666
10 10 5000 0 1 0.7164667393675027 0.11542181155830242 0.0 0.0 0.1810969525329172 0.0 0.9966869381849286 0.2
11 11 5000 0 1 0.7164667393675027 0.1158517730880603 0.0 0.0 0.18160557298093513 0.0 0.9972491788958678 0.16666666666666666
12 12 5000 0 1 0.7164667393675027 0.11617513606299967 0.0 0.0 0.18159476447118897 0.0 0.9969799889151643 0.2
13 13 5000 0 1 0.7164667393675027 0.11650877270236878 0.0 0.0 0.1818717417451404 0.0 0.9972894628384603 0.16666666666666666
14 14 5000 0 1 0.7164667393675027 0.11682854530851552 0.0 0.0 0.18206007769584756 0.0 0.9966101899397743 0.16666666666666666
15 15 5000 0 1 0.7164667393675027 0.11694940583546742 0.0 0.0 0.18207282314909312 0.0 0.9974059641836716 0.2
16 16 5000 0 1 0.7164667393675027 0.11728635828773248 0.0 0.0 0.18222704407114082 0.0 0.9967969759680752 0.16666666666666666
17 17 5000 0 1 0.7164667393675027 0.11760317204650143 0.0 0.0 0.18260945452792104 0.0 0.9972491788958678 0.16666666666666666
18 18 5000 0 1 0.7164667393675027 0.11807576183856194 0.0 0.0 0.18231648374970993 0.0 0.9971794368325935 0.16666666666666666
19 19 5000 0 1 0.7164667393675027 0.12025204040221808 0.0 0.0 0.18115009336859572 0.0 0.9974271631736437 0.16666666666666666
20 20 5000 0 1 0.7164667393675027 0.13203049331177638 0.0 0.0 0.20160637852832303 0.0 0.9970803354653698 0.2
21 21 5000 0 1 0.7164667393675027 0.13891554032421194 0.0 0.0 0.20845435490326236 0.0 0.9972894628384603 0.2
22 22 5000 0 1 0.7164667393675027 0.1481044381954057 0.0 0.0 0.21115037825374863 0.0 0.9969799889151643 0.2
23 23 5000 0 1 0.7164667393675027 0.15514300053160934 0.0 0.0 0.21519896153806306 0.0 0.9967969759680752 0.2
24 24 5000 0 1 0.7726104229960271 0.16495837795624127 0.0 0.0 0.23750530590098215 0.0 0.9970803354653698 0.2
25 25 5000 0 1 0.9483824063976736 0.18369701845060696 0.4608030592734226 0.04057738786530172 0.2686307392434206 0.12079980307118796 0.9925277767828888 0.3333333333333333
26 26 5000 0 1 0.9483824063976736 0.18864090683398577 0.4608030592734226 0.04057738786530172 0.27358216624111326 0.12079980307118796 0.9972894628384603 0.2
27 27 5000 0 1 0.9483824063976736 0.21335238001796406 0.4608030592734226 0.04057738786530172 0.30654508200552116 0.12079980307118796 0.9972491788958678 0.16666666666666666
28 28 5000 0 1 0.9483824063976736 0.22388862361807185 0.4608030592734226 0.04057738786530172 0.31279520227725865 0.12079980307118796 0.9969799889151643 0.2
29 29 5000 0 1 0.9483824063976736 0.23594503854072882 0.4608030592734226 0.04057738786530172 0.32776869847536627 0.12079980307118796 0.9972894628384603 0.16666666666666666
30 30 5000 0 1 0.9794344473007712 0.24628623975596603 0.4608030592734226 0.04057738786530172 0.34722286439828776 0.12079980307118796 0.9970803354653698 0.16666666666666666
31 31 5000 0 1 0.9794344473007712 0.2509750028925869 0.4608030592734226 0.04057738786530172 0.35132982893235676 0.12079980307118796 0.9969799889151643 0.2
32 32 5000 0 1 0.9794344473007712 0.2546188360621859 0.4608030592734226 0.04057738786530172 0.3491010170598625 0.12079980307118796 0.9966869381849286 0.16666666666666666
33 33 5000 0 1 0.9794344473007712 0.2599873528956709 0.4608030592734226 0.04057738786530172 0.3573783951826462 0.12079980307118796 0.9972894628384603 0.16666666666666666
34 34 5000 0 1 0.9794344473007712 0.26503739839157625 0.4608030592734226 0.04057738786530172 0.3663603163695342 0.12079980307118796 0.9972894628384603 0.16666666666666666
35 35 5000 0 1 0.9794344473007712 0.26734298353843367 0.4608030592734226 0.04057738786530172 0.3648270104675876 0.12079980307118796 0.9964496044119535 0.2
36 36 5000 0 1 0.9794344473007712 0.27320967049627876 0.4608030592734226 0.04057738786530172 0.3621559063869332 0.12079980307118796 0.9964496044119535 0.16666666666666666
37 37 5000 0 1 0.9980285107673643 0.2808394496529199 0.4608030592734226 0.04235468116609084 0.3680029350197937 0.1204375957473051 0.9933308672526484 0.3333333333333333
38 38 5000 0 1 0.9980285107673643 0.28524527018646884 0.4608030592734226 0.04235468116609084 0.3723172361651208 0.1204375957473051 0.9969799889151643 0.2
39 39 5000 0 1 0.9980285107673643 0.2975326047800416 0.4608030592734226 0.04235468116609084 0.3670302224429207 0.1204375957473051 0.9971794368325935 0.16666666666666666
0 5000 5000 1 1 0.9980285107673643 0.292197115693542 0.4608030592734226 0.04235468116609084 0.36203401311830885 0.1204375957473051 0.0 0.0
1 5001 5000 1 1 0.9980285107673643 0.2887163325173273 0.4608030592734226 0.04235468116609084 0.36246746322815476 0.1204375957473051 0.0 0.0
2 5002 5000 1 1 0.9980285107673643 0.2788604732885741 0.4608030592734226 0.04235468116609084 0.36046407232634087 0.1204375957473051 0.0 0.0
3 5003 5000 1 1 0.9980285107673643 0.26935606052550554 0.4608030592734226 0.04235468116609084 0.347963433231718 0.1204375957473051 0.0 0.0
4 5004 5000 1 1 0.9980285107673643 0.2625671942661708 0.4608030592734226 0.04235468116609084 0.34184006031856823 0.1204375957473051 0.0 0.0
5 5005 5000 1 1 0.9980285107673643 0.24553050345055963 0.4608030592734226 0.04235468116609084 0.31295888418770973 0.1204375957473051 0.0 0.0
6 5006 5000 1 1 0.9483824063976736 0.23233669089368977 0.4608030592734226 0.04235468116609084 0.2852964861018004 0.1204375957473051 0.0 0.0
7 5007 5000 1 1 0.9483824063976736 0.22130453598162725 0.4608030592734226 0.04235468116609084 0.2895227887304222 0.1204375957473051 0.0 0.0
8 5008 5000 1 1 0.9483824063976736 0.21804130175392605 0.4608030592734226 0.04235468116609084 0.28999315704413 0.1204375957473051 0.0 0.0
9 5009 5000 1 1 0.7341522596299667 0.18221796478555088 0.4608030592734226 0.04235468116609084 0.23696505671691373 0.1204375957473051 0.0 0.0
10 5010 5000 1 1 0.7341522596299667 0.18211079322173912 0.4608030592734226 0.04235468116609084 0.2370139942297572 0.1204375957473051 0.0 0.0
11 5011 5000 1 1 0.7341522596299667 0.1816808316919813 0.4608030592734226 0.04235468116609084 0.23642737680801273 0.1204375957473051 0.0 0.0
12 5012 5000 1 1 0.7341522596299667 0.18135746871704192 0.4608030592734226 0.04235468116609084 0.23588225260611861 0.1204375957473051 0.0 0.0
13 5013 5000 1 1 0.7274795268425842 0.1810238320776728 0.4608030592734226 0.04235468116609084 0.23510356623554296 0.1204375957473051 0.0 0.0
14 5014 5000 1 1 0.7274795268425842 0.18070405947152607 0.4608030592734226 0.04235468116609084 0.23534509223026967 0.1204375957473051 0.0 0.0
15 5015 5000 1 1 0.7274795268425842 0.18058319894457414 0.4608030592734226 0.04235468116609084 0.23536387590460586 0.1204375957473051 0.0 0.0
16 5016 5000 1 1 0.7274795268425842 0.18024624649230908 0.4608030592734226 0.04235468116609084 0.2352565937105366 0.1204375957473051 0.0 0.0
17 5017 5000 1 1 0.7274795268425842 0.17992943273354012 0.4608030592734226 0.04235468116609084 0.2348288923614743 0.1204375957473051 0.0 0.0
18 5018 5000 1 1 0.7274795268425842 0.17945684294147962 0.4608030592734226 0.04235468116609084 0.23468640649759454 0.1204375957473051 0.0 0.0
19 5019 5000 1 1 0.7274795268425842 0.1772805643778235 0.4608030592734226 0.04235468116609084 0.23613416864025605 0.1204375957473051 0.0 0.0
20 5020 5000 1 1 0.7274795268425842 0.16550211146826518 0.4608030592734226 0.04235468116609084 0.21800372394327688 0.1204375957473051 0.0 0.0
21 5021 5000 1 1 0.5897785865938732 0.15861706445582963 0.4608030592734226 0.04235468116609084 0.20171220929453812 0.1204375957473051 0.0 0.0
22 5022 5000 1 1 0.5897785865938732 0.14942816658463587 0.4608030592734226 0.04235468116609084 0.18604910101350416 0.1204375957473051 0.0 0.0
23 5023 5000 1 1 0.5897785865938732 0.1423896042484322 0.4608030592734226 0.04235468116609084 0.1846946729318478 0.1204375957473051 0.0 0.0
24 5024 5000 1 1 0.5897785865938732 0.1325742268238003 0.4608030592734226 0.04235468116609084 0.17556779770696795 0.1204375957473051 0.0 0.0
25 5025 5000 1 1 0.5897785865938732 0.11383558632943461 0.03376857271499325 0.0017772933007891183 0.1781341755550275 0.007540416870872449 0.0 0.0
26 5026 5000 1 1 0.4942294636795655 0.10889169794605576 0.03376857271499325 0.0017772933007891183 0.1658015831497171 0.007540416870872449 0.0 0.0
27 5027 5000 1 1 0.4909008189262966 0.08418022476207748 0.03376857271499325 0.0017772933007891183 0.1415913785408002 0.007540416870872449 0.0 0.0
28 5028 5000 1 1 0.4909008189262966 0.0736439811619697 0.03376857271499325 0.0017772933007891183 0.1251312679271589 0.007540416870872449 0.0 0.0
29 5029 5000 1 1 0.24977252047315743 0.06158756623931274 0.03376857271499325 0.0017772933007891183 0.09142415849878793 0.007540416870872449 0.0 0.0
30 5030 5000 1 1 0.24977252047315743 0.051246365024075535 0.03376857271499325 0.0017772933007891183 0.08594420453312701 0.007540416870872449 0.0 0.0
31 5031 5000 1 1 0.24977252047315743 0.04655760188745468 0.03376857271499325 0.0017772933007891183 0.08111092390242201 0.007540416870872449 0.0 0.0
32 5032 5000 1 1 0.24977252047315743 0.04291376871785568 0.03376857271499325 0.0017772933007891183 0.08148282224425103 0.007540416870872449 0.0 0.0
33 5033 5000 1 1 0.24574669187145556 0.037545251884370696 0.03376857271499325 0.0017772933007891183 0.07046984763585754 0.007540416870872449 0.0 0.0
34 5034 5000 1 1 0.24574669187145556 0.03249520638846533 0.03376857271499325 0.0017772933007891183 0.06626832654458432 0.007540416870872449 0.0 0.0
35 5035 5000 1 1 0.24574669187145556 0.03018962124160792 0.03376857271499325 0.0017772933007891183 0.06235908915866151 0.007540416870872449 0.0 0.0
36 5036 5000 1 1 0.24574669187145556 0.024322934283762847 0.03376857271499325 0.0017772933007891183 0.05933046251303291 0.007540416870872449 0.0 0.0
37 5037 5000 1 1 0.24574669187145556 0.016693155127121686 0.0 0.0 0.055938676170131874 0.0 0.0 0.0
38 5038 5000 1 1 0.24574669187145556 0.012287334593572778 0.0 0.0 0.05355924977885518 0.0 0.0 0.0
39 5039 5000 1 1 0.0 0.0 0.0 0.0 0.0 0.0 0.0 0.0
82
