0 0 5000 0 1 0.31363088057901084 0.015681544028950542 0.0 0.0 0.06835426570087906 0.0 0.9969718380374583 0.16666666666666666
1 1 5000 0 1 0.31363088057901084 0.023671234750600026 0.0 0.0 0.07506392119102567 0.0 0.9975485383249893 0.16666666666666666
2 2 5000 0 1 0.31363088057901084 0.03279212519685376 0.0 0.0 0.08236145333173553 0.0 0.9976144503505063 0.16666666666666666
3 3 5000 0 1 0.31363088057901084 0.036904255465842736 0.0 0.0 0.09129760288585452 0.0 0.9976144503505063 0.16666666666666666
4 4 5000 0 1 0.31363088057901084 0.039192207645580956 0.0 0.0 0.09734938351726141 0.0 0.9976144503505063 0.2
5 5 5000 0 1 0.97708082026538 0.07519975617629118 0.08461538461538462 0.004453441295546559 0.2219028076277422 0.018894351238183043 0.9936377968574165 0.3333333333333333
6 6 5000 0 1 0.97708082026538 0.08161813969451621 0.08461538461538462 0.004453441295546559 0.2214909740251177 0.018894351238183043 0.9972082409147755 0.2
7 7 5000 0 1 0.97708082026538 0.08530568925835444 0.08461538461538462 0.004453441295546559 0.2207140052594334 0.018894351238183043 0.9968321119168211 0.16666666666666666
8 8 5000 0 1 0.97708082026538 0.11532226162014136 0.5825242718446602 0.041325548041107 0.23807430293170917 0.13054884188140164 0.9921439321656140 0.16666666666666666
9 9 5000 0 1 0.97708082026538 0.1237782272076442 0.5825242718446602 0.041325548041107 0.24136810165715195 0.13054884188140164 0.9972082409147755 0.16666666666666666
10 10 5000 0 1 0.97708082026538 0.12428973615905085 0.5825242718446602 0.041325548041107 0.2411159562158949 0.13054884188140164 0.9968972714885490 0.16666666666666666
11 11 5000 0 1 0.97708082026538 0.12462933317059714 0.5825242718446602 0.041325548041107 0.24136430985679963 0.13054884188140164 0.9972082409147755 0.2
12 12 5000 0 1 0.97708082026538 0.12489360378370498 0.5825242718446602 0.041325548041107 0.24123056454822397 0.13054884188140164 0.9969162429784280 0.2
13 13 5000 0 1 0.97708082026538 0.12515133574246787 0.5825242718446602 0.041325548041107 0.24133102680048663 0.13054884188140164 0.9975485383249893 0.16666666666666666
14 14 5000 0 1 0.97708082026538 0.12631232645454216 0.5825242718446602 0.041325548041107 0.24078138530420656 0.13054884188140164 0.9965587477771504 0.2
15 15 5000 0 1 0.97708082026538 0.12651851202155245 0.5825242718446602 0.041325548041107 0.24086468719652118 0.13054884188140164 0.9975485383249893 0.2
16 16 5000 0 1 0.97708082026538 0.12712592890134788 0.5825242718446602 0.041325548041107 0.24058581981397487 0.13054884188140164 0.9968972714885490 0.16666666666666666
17 17 5000 0 1 0.991556091676719 0.12784969247191483 0.5825242718446602 0.041325548041107 0.2431497939747571 0.13054884188140164 0.9969718380374583 0.16666666666666666
18 18 5000 0 1 0.991556091676719 0.1284251400422473 0.5825242718446602 0.041325548041107 0.24291300439544425 0.13054884188140164 0.9968972714885490 0.16666666666666666
19 19 5000 0 1 0.991556091676719 0.12868941065535514 0.5825242718446602 0.041325548041107 0.2427817337072261 0.13054884188140164 0.9969162429784280 0.2
20 20 5000 0 1 0.991556091676719 0.17807542240121735 0.5825242718446602 0.041325548041107 0.3042575252916286 0.13054884188140164 0.9967963300052989 0.16666666666666666
21 21 5000 0 1 0.991556091676719 0.1861351914752495 0.5825242718446602 0.041325548041107 0.30958233396200857 0.13054884188140164 0.9972082409147755 0.2
22 22 5000 0 1 0.991556091676719 0.18986599638094878 0.5825242718446602 0.041325548041107 0.31150127030682 0.13054884188140164 0.9976144503505063 0.2
23 23 5000 0 1 0.991556091676719 0.21441673633866545 0.5825242718446602 0.041325548041107 0.3157236464692927 0.13054884188140164 0.9969162429784280 0.16666666666666666
24 24 5000 0 1 0.991556091676719 0.22773597523929973 0.5825242718446602 0.041325548041107 0.33271880521461233 0.13054884188140164 0.9969162429784280 0.2
25 25 5000 0 1 0.991556091676719 0.2351205393333154 0.5825242718446602 0.041325548041107 0.32920274221582274 0.13054884188140164 0.9977271113357213 0.2
26 26 5000 0 1 0.991556091676719 0.2487446642660025 0.5825242718446602 0.041325548041107 0.3247992319905169 0.13054884188140164 0.9967708745578856 0.2
27 27 5000 0 1 0.991556091676719 0.2589719369932753 0.5825242718446602 0.041325548041107 0.3436603157047497 0.13054884188140164 0.9969162429784280 0.2
28 28 5000 0 1 0.991556091676719 0.26653207445031996 0.5825242718446602 0.041325548041107 0.3445089206200857 0.13054884188140164 0.9975485383249893 0.2
29 29 5000 0 1 0.991556091676719 0.27015598141867836 0.5825242718446602 0.041325548041107 0.3428742811654278 0.13054884188140164 0.9972246923794294 0.2
30 30 5000 0 1 0.991556091676719 0.2731456721403278 0.5825242718446602 0.041325548041107 0.3440513286625047 0.13054884188140164 0.9975485383249893 0.2
31 31 5000 0 1 0.991556091676719 0.2772208362788834 0.5825242718446602 0.041325548041107 0.34677714822653594 0.13054884188140164 0.9972082409147755 0.2
32 32 5000 0 1 0.991556091676719 0.28201623269832077 0.5825242718446602 0.041325548041107 0.34403132316120044 0.13054884188140164 0.9968972714885490 0.2
33 33 5000 0 1 0.991556091676719 0.28820179970863 0.5825242718446602 0.041325548041107 0.3478490929716482 0.13054884188140164 0.9975485383249893 0.16666666666666666
34 34 5000 0 1 0.991556091676719 0.29961484318689086 0.5825242718446602 0.041325548041107 0.34620526687580333 0.13054884188140164 0.9968972714885490 0.16666666666666666
35 35 5000 0 1 0.991556091676719 0.3030494415822753 0.5825242718446602 0.041325548041107 0.34503828866519254 0.13054884188140164 0.9972246923794294 0.16666666666666666
36 36 5000 0 1 0.991556091676719 0.30607837874985855 0.5825242718446602 0.041325548041107 0.34454608578240364 0.13054884188140164 0.9972246923794294 0.16666666666666666
37 37 5000 0 1 0.991556091676719 0.31311446122408537 0.5825242718446602 0.041325548041107 0.3510450469028234 0.13054884188140164 0.9975485383249893 0.16666666666666666
38 38 5000 0 1 0.991556091676719 0.31678210894878533 0.5825242718446602 0.041325548041107 0.3538412938467683 0.13054884188140164 0.9972082409147755 0.2
39 39 5000 0 1 0.991556091676719 0.32534430604086934 0.5825242718446602 0.041325548041107 0.35473648022734827 0.13054884188140164 0.9967708745578856 0.16666666666666666
0 5000 5000 1 1 0.987720234917245 0.30966276201191884 0.5825242718446602 0.041325548041107 0.33108279500071514 0.13054884188140164 0.0 0.0
1 5001 5000 1 1 0.987720234917245 0.3016730712902693 0.5825242718446602 0.041325548041107 0.3233761251848564 0.13054884188140164 0.0 0.0
2 5002 5000 1 1 0.987720234917245 0.2925521808440156 0.5825242718446602 0.041325548041107 0.3234687934974757 0.13054884188140164 0.0 0.0
3 5003 5000 1 1 0.987720234917245 0.2884400505750266 0.5825242718446602 0.041325548041107 0.3251045789786523 0.13054884188140164 0.0 0.0
4 5004 5000 1 1 0.987720234917245 0.2861520983952884 0.5825242718446602 0.041325548041107 0.32643758362112896 0.13054884188140164 0.0 0.0
5 5005 5000 1 1 0.987720234917245 0.2501445498645782 0.5825242718446602 0.03687210674556044 0.316219032541955 0.13043933123691 0.0 0.0
6 5006 5000 1 1 0.987720234917245 0.24372616634635316 0.5825242718446602 0.03687210674556044 0.30987933539523 0.13043933123691 0.0 0.0
7 5007 5000 1 1 0.987720234917245 0.24003861678251495 0.5825242718446602 0.03687210674556044 0.31230937975715894 0.13043933123691 0.0 0.0
8 5008 5000 1 1 0.987720234917245 0.210022044420728 0.0 0.0 0.30903813687278503 0.0 0.0 0.0
9 5009 5000 1 1 0.987720234917245 0.20156607883322514 0.0 0.0 0.30347153065520727 0.0 0.0 0.0
10 5010 5000 1 1 0.987720234917245 0.20105456988181855 0.0 0.0 0.3032158453014682 0.0 0.0 0.0
11 5011 5000 1 1 0.987720234917245 0.20071497287027223 0.0 0.0 0.3030830277083937 0.0 0.0 0.0
12 5012 5000 1 1 0.987720234917245 0.20045070225716438 0.0 0.0 0.3024115077833186 0.0 0.0 0.0
13 5013 5000 1 1 0.987720234917245 0.2001929702984015 0.0 0.0 0.3021712391982186 0.0 0.0 0.0
14 5014 5000 1 1 0.987720234917245 0.1990319795863272 0.0 0.0 0.3028927141229401 0.0 0.0 0.0
15 5015 5000 1 1 0.987720234917245 0.1988257940193169 0.0 0.0 0.30270303124616044 0.0 0.0 0.0
16 5016 5000 1 1 0.987720234917245 0.19821837713952148 0.0 0.0 0.30241548354807535 0.0 0.0 0.0
17 5017 5000 1 1 0.987720234917245 0.19749461356895454 0.0 0.0 0.3028713434159289 0.0 0.0 0.0
18 5018 5000 1 1 0.987720234917245 0.19691916599862205 0.0 0.0 0.30261908072902954 0.0 0.0 0.0
19 5019 5000 1 1 0.987720234917245 0.19665489538551423 0.0 0.0 0.3019478327361133 0.0 0.0 0.0
20 5020 5000 1 1 0.9619450317124736 0.147268883639652 0.0 0.0 0.2436759207665073 0.0 0.0 0.0
21 5021 5000 1 1 0.9619450317124736 0.13920911456561985 0.0 0.0 0.24060650925761637 0.0 0.0 0.0
22 5022 5000 1 1 0.9619450317124736 0.13547830965992058 0.0 0.0 0.2421526778338042 0.0 0.0 0.0
23 5023 5000 1 1 0.4754295532646048 0.1109275697022039 0.0 0.0 0.17178247304484182 0.0 0.0 0.0
24 5024 5000 1 1 0.4754295532646048 0.09760833080156965 0.0 0.0 0.15261040421762742 0.0 0.0 0.0
25 5025 5000 1 1 0.4754295532646048 0.09022376670755398 0.0 0.0 0.1535785072894793 0.0 0.0 0.0
26 5026 5000 1 1 0.4754295532646048 0.07659964177486686 0.0 0.0 0.13221477807439974 0.0 0.0 0.0
27 5027 5000 1 1 0.4754295532646048 0.06637236904759412 0.0 0.0 0.12981147537698792 0.0 0.0 0.0
28 5028 5000 1 1 0.32422680412371135 0.05881223159054945 0.0 0.0 0.10840627263966163 0.0 0.0 0.0
29 5029 5000 1 1 0.32422680412371135 0.05518832462219103 0.0 0.0 0.10471610793330488 0.0 0.0 0.0
30 5030 5000 1 1 0.3241687979539642 0.052198633900541545 0.0 0.0 0.0976043356129533 0.0 0.0 0.0
31 5031 5000 1 1 0.3241687979539642 0.04812346976198596 0.0 0.0 0.09489702553426278 0.0 0.0 0.0
32 5032 5000 1 1 0.26443298969072165 0.04332807334254862 0.0 0.0 0.08243101726894786 0.0 0.0 0.0
33 5033 5000 1 1 0.22826086956521738 0.03714250633223934 0.0 0.0 0.0691846630458961 0.0 0.0 0.0
34 5034 5000 1 1 0.17124394184168013 0.02572946285397847 0.0 0.0 0.053841683572552826 0.0 0.0 0.0
35 5035 5000 1 1 0.17124394184168013 0.022294864458593994 0.0 0.0 0.049110228418145954 0.0 0.0 0.0
36 5036 5000 1 1 0.17124394184168013 0.019265927291010832 0.0 0.0 0.04852020563459824 0.0 0.0 0.0
37 5037 5000 1 1 0.17124394184168013 0.01222984481678403 0.0 0.0 0.0398206990556565 0.0 0.0 0.0
38 5038 5000 1 1 0.17124394184168013 0.008562197092084006 0.0 0.0 0.03732175185907201 0.0 0.0 0.0
39 5039 5000 1 1 0.0 0.0 0.0 0.0 0.0 0.0 0.0 0.0
202
